0.03 1.2061
0.05 0.86149
0.08 1.2211
0.09 1.296
0.12 0.96413
0.16 0.56162
0.17 0.27932
0.19 1.2413
0.2 1.3155
0.25 0.19211
0.31 0.58247
0.35 0.63833
0.37 -0.064214
0.38 0.26105
0.41 0.19029
0.42 -0.18348
0.43 -0.015866
0.46 -0.45197
0.47 0.30036
0.54 -0.66653
0.57 -0.2829
0.58 -0.9513
0.6 -0.44749
0.63 -0.51259
0.64 -0.56267
0.67 -0.5439
0.68 -0.030704
0.7 -0.31103
0.75 -0.14147
0.77 -0.55887
0.82 0.086485
0.85 0.72507
0.87 -0.28719
0.88 0.15445
0.89 0.19523
0.9 0.573
0.91 0.33725
0.97 0.96866
0.98 0.38399
0.99 0.67237
1.05 1.7419
1.1 1.5741
1.12 1.1916
1.14 1.3219
1.16 1.7973
1.18 2.0721
1.22 1.5465
1.24 1.5864
1.29 1.4754
1.33 1.5903
1.35 2.3999
1.36 2.0694
1.37 1.3003
1.38 1.698
1.39 1.5822
1.4 1.6574
1.41 1.0564
1.45 0.86755
1.47 0.73789
1.52 0.82075
1.54 0.80168
1.55 0.58511
1.57 0.78388
1.59 0.25387
1.61 0.90648
1.62 0.68886
1.63 0.2683
1.64 0.4646
1.66 1.1307
1.67 0.51779
1.68 0.2542
1.7 0.72331
1.71 0.13593
1.73 0.016165
1.74 0.53216
1.75 -0.21246
1.76 0.29071
1.8 -0.28883
1.81 -0.038004
1.88 -0.31447
1.95 -0.092448
1.99 -0.023144
2 0.43962
2.03 0.10228
2.06 0.86012
2.08 -0.12611
2.12 0.70314
2.16 1.1839
2.21 1.5591
2.22 1.3482
2.25 1.0557
2.26 1.7519
2.28 2.1033
2.31 2.002
2.35 2.3315
2.42 2.1777
2.43 2.4402
2.45 2.993
2.47 2.8302
2.6 3.1064
2.63 2.5584
2.65 2.9103
2.66 2.653
2.67 3.0468
2.68 2.55
2.71 2.5797
2.72 2.6895
2.75 2.1098
2.77 2.6776
2.82 2.9295
2.83 2.4852
2.86 2.377
2.89 2.9016
2.91 1.8957
2.93 2.7405
2.96 2.1235
2.98 2.5059
3.03 1.8885
3.06 2.1763
3.08 2.3017
3.09 1.684
3.12 1.9334
3.15 1.7489
3.17 2.2533
3.18 2.0163
3.19 2.8347
3.2 2.9012
3.23 2.5507
3.24 2.147
3.27 2.7194
3.29 3.2473
3.31 2.9163
3.39 3.1104
3.4 3.4733
3.41 2.7445
3.43 3.5807
3.47 4.2792
3.52 4.2284
3.53 4.7966
3.56 4.8558
3.57 5.526
3.58 4.7517
3.59 5.3239
3.64 5.6882
3.66 5.1914
3.68 6.1099
3.7 5.8476
3.71 4.7497
3.72 6.1983
3.73 5.2994
3.76 5.5064
3.78 6.1653
3.84 5.6698
3.87 5.9808
3.88 6.3942
3.9 5.919
3.96 5.7842
3.97 6.0465
3.99 5.5175
4.09 6.1534
4.1 6.4077
4.11 4.8462
4.14 5.7813
4.16 5.1269
4.18 5.4243
4.2 5.7417
4.21 5.4536
4.23 5.402
4.26 5.5131
4.29 5.3432
4.3 5.1425
4.31 4.7556
4.34 4.828
4.35 5.5111
4.37 5.0369
4.38 5.2239
4.41 5.7848
4.43 5.8875
4.44 6.056
4.48 5.6764
4.5 5.3774
4.51 5.7466
4.57 6.0272
4.59 7.0354
4.61 6.913
4.64 6.1363
4.67 7.3756
4.68 6.4283
4.69 6.977
4.72 6.8536
4.74 7.8565
4.76 7.5313
4.77 7.2034
4.78 7.637
4.79 7.5222
4.82 7.8996
4.83 7.9625
4.86 8.2244
4.87 7.345
4.89 8.3879
