-1 -0.333 1.7573
-0.998 0.295 1.6443
-0.998 0.676 1.5122
-0.996 -0.009 1.4382
-0.99 0.831 1.6778
-0.989 -0.338 1.2483
-0.987 0.446 1.4144
-0.987 0.939 1.616
-0.986 0.034 1.2937
-0.981 -0.582 1.3194
-0.98 -0.929 1.3497
-0.979 -0.975 1.1308
-0.977 -0.612 0.9444
-0.977 0.94 1.247
-0.976 -0.307 0.77579
-0.974 -0.516 1.4836
-0.974 0.486 1.2428
-0.973 -0.639 1.0827
-0.973 -0.502 1.5279
-0.972 -0.151 1.3827
-0.97 -0.613 1.1323
-0.969 -0.743 1.4131
-0.967 0.808 1.3564
-0.954 -0.629 1.0647
-0.951 -0.057 1.2202
-0.948 -0.168 0.98061
-0.946 0.345 1.14
-0.945 -0.02 0.82716
-0.941 0.374 0.65569
-0.941 0.528 0.86248
-0.938 -0.567 0.94509
-0.935 0.104 0.8
-0.934 0.059 0.80583
-0.933 -0.929 0.54714
-0.933 0.244 0.28752
-0.931 -0.686 0.56794
-0.93 -0.354 0.89863
-0.93 0.589 0.68832
-0.929 -0.868 0.85426
-0.929 -0.621 0.88196
-0.928 -0.595 0.92298
-0.926 0.064 0.16686
-0.925 0.447 0.95927
-0.924 0.132 0.9877
-0.922 -0.825 0.75175
-0.922 0.798 0.80318
-0.92 -0.002 1.0038
-0.916 0.956 0.86622
-0.915 0.459 0.65154
-0.912 -0.842 0.50162
-0.91 0.617 0.47501
-0.908 -0.264 0.62687
-0.907 0.18 0.68137
-0.907 0.692 0.86691
-0.905 0.068 0.41237
-0.902 -0.987 0.68135
-0.896 0.51 0.35429
-0.895 -0.869 0.57197
-0.892 0.207 0.39287
-0.888 0.761 0.22238
-0.887 0.972 0.48853
-0.883 -0.699 0.27591
-0.882 0.288 0.75806
-0.881 0.312 0.34463
-0.878 0.455 0.070402
-0.873 -0.221 0.14918
-0.872 0.029 -0.28946
-0.871 -0.515 0.11047
-0.871 0.074 -0.13167
-0.871 0.755 -0.057801
-0.869 -0.207 0.23057
-0.867 -0.021 0.085832
-0.866 -0.137 -0.13751
-0.865 -0.484 0.45625
-0.863 -0.372 0.34468
-0.863 0.654 -0.0004386
-0.861 -0.397 -0.36801
-0.851 -0.539 -0.10164
-0.849 0.147 0.1393
-0.846 0.145 0.15444
-0.845 0.324 0.0038927
-0.844 0.774 0.17534
-0.838 -0.314 -0.066825
-0.838 -0.143 0.03805
-0.836 0.722 -0.23619
-0.833 1 -0.3004
-0.828 -0.025 -0.65429
-0.828 0.708 -0.25337
-0.826 -0.177 -0.37118
-0.826 0.99 -0.36061
-0.824 0.97 -0.15504
-0.82 0.43 -0.090854
-0.819 -0.861 -0.39162
-0.817 -0.956 -0.37888
-0.816 -0.309 -0.33407
-0.815 0.531 -0.12859
-0.81 -0.041 -0.49494
-0.809 0.364 -0.59973
-0.808 0.266 -0.38217
-0.804 0.074 -0.1051
-0.804 0.196 -0.34391
-0.8 0.192 -0.84099
-0.798 0.511 -0.90447
-0.796 -0.473 -0.49872
-0.794 -0.975 -0.44325
-0.79 -0.87 -0.32077
-0.79 0.045 -1.061
-0.79 0.594 -0.48195
-0.787 0.465 -0.72576
-0.786 -0.781 -0.91423
-0.786 -0.46 -0.98024
-0.783 -0.14 -1.0094
-0.78 0.457 -0.96701
-0.778 0.648 -1.2636
-0.777 0.021 -0.67722
-0.775 -0.86 -0.72811
-0.775 -0.43 -0.74993
-0.766 0.394 -1.0874
-0.765 -0.838 -1.2126
-0.764 0.287 -1.1593
-0.763 -0.046 -0.60213
-0.763 0.261 -0.62614
-0.762 0.717 -1.0403
-0.759 -0.959 -1.2205
-0.757 -0.778 -1.0546
-0.756 0.119 -1.2458
-0.754 -0.636 -0.94912
-0.753 -0.73 -1.0565
-0.751 -0.296 -0.92089
-0.748 0.085 -1.3319
-0.745 -0.242 -0.92549
-0.744 -0.972 -0.95463
-0.744 0.207 -1.1323
-0.739 -0.088 -1.1797
-0.738 -0.063 -1.056
-0.738 0.573 -0.85772
-0.737 -0.668 -1.2066
-0.733 0.227 -1.1806
-0.732 -0.185 -1.1164
-0.731 -0.674 -1.1008
-0.728 -0.937 -0.98863
-0.728 -0.301 -1.1404
-0.726 0.588 -1.3548
-0.724 0.082 -1.3029
-0.722 -0.001 -1.2971
-0.721 0.648 -1.4155
-0.721 0.827 -1.2716
-0.72 0.454 -0.95345
-0.719 0.837 -1.3418
-0.717 0.542 -1.1398
-0.716 -0.502 -1.1791
-0.713 -0.412 -1.1835
-0.711 -0.95 -1.205
-0.709 0.202 -1.7287
-0.707 0.682 -1.0902
-0.707 0.763 -1.3516
-0.702 0.101 -1.6094
-0.701 0.596 -1.3812
-0.7 -0.26 -1.4082
-0.698 -0.035 -1.2151
-0.696 -0.38 -1.775
-0.696 0.025 -1.4865
-0.692 0.694 -1.3333
-0.691 -0.534 -1.568
-0.69 0.737 -1.4638
-0.69 0.943 -1.6458
-0.687 -0.101 -1.4767
-0.686 -0.744 -1.8028
-0.685 -0.976 -1.1767
-0.684 -0.586 -1.5488
-0.669 -0.878 -1.7496
-0.668 0.283 -1.9871
-0.665 -0.81 -1.9113
-0.665 -0.578 -1.7574
-0.664 0.639 -1.9162
-0.66 -0.915 -2.0024
-0.66 -0.584 -1.8266
-0.658 0.997 -1.6333
-0.654 0.122 -1.6753
-0.652 -0.906 -1.8018
-0.648 -0.221 -1.7107
-0.647 0.366 -1.6908
-0.647 0.619 -1.4584
-0.642 0.734 -1.8296
-0.64 -0.175 -1.5301
-0.639 0.915 -1.8241
-0.634 -0.565 -1.9035
-0.634 -0.303 -1.9906
-0.632 -0.294 -1.7273
-0.632 0.743 -2.1376
-0.631 -0.991 -1.9644
-0.629 0.909 -1.7545
-0.628 -0.154 -2.2142
-0.628 0.027 -1.7051
-0.625 0.814 -1.619
-0.622 -0.734 -2.323
-0.621 0.727 -1.9301
-0.617 -0.713 -1.6785
-0.617 0.987 -1.6946
-0.612 0.126 -2.0789
-0.612 0.213 -2.0218
-0.612 0.355 -1.9139
-0.612 0.624 -1.9797
-0.61 0.204 -1.7167
-0.605 0.823 -2.101
-0.604 0.263 -1.8817
-0.601 0.384 -2.0167
-0.598 0.214 -2.1589
-0.598 0.862 -2.0503
-0.597 -0.504 -1.9974
-0.596 -0.178 -2.4576
-0.593 0.941 -2.0873
-0.592 -0.839 -2.4994
-0.592 0.108 -2.1293
-0.587 0.337 -2.3133
-0.58 -0.786 -1.9369
-0.58 0.489 -1.8981
-0.58 0.992 -2.0408
-0.578 -0.407 -2.1212
-0.575 0.076 -1.8519
-0.574 0.139 -1.8678
-0.573 -0.817 -2.041
-0.569 -0.347 -2.4961
-0.569 0.64 -2.1197
-0.566 -0.442 -2.5023
-0.566 0.639 -2.2542
-0.563 0.485 -1.9659
-0.559 -0.317 -2.2906
-0.559 0.178 -2.3318
-0.558 0.255 -2.3968
-0.558 0.261 -2.4909
-0.557 0.451 -2.4375
-0.555 -0.271 -2.2595
-0.547 0.382 -2.167
-0.543 -0.704 -2.392
-0.538 -0.953 -2.6535
-0.538 -0.57 -2.1629
-0.537 -0.751 -2.3229
-0.536 0.766 -2.3451
-0.535 0.813 -2.3145
-0.533 0.2 -2.619
-0.532 0.181 -2.7471
-0.531 -0.594 -2.3304
-0.531 0.523 -2.581
-0.53 -0.395 -2.2252
-0.526 0.467 -2.5711
-0.524 0.218 -2.4432
-0.524 0.862 -2.362
-0.522 -0.728 -2.1792
-0.519 -0.062 -2.4763
-0.519 0.719 -2.736
-0.517 -0.189 -2.4707
-0.516 -0.872 -2.1772
-0.515 0.989 -2.5814
-0.512 -0.804 -2.7757
-0.508 0.929 -2.4051
-0.504 -0.292 -2.3344
-0.502 -0.791 -2.4775
-0.495 -0.404 -2.3707
-0.495 0.785 -2.2909
-0.494 -0.865 -2.1497
-0.493 -0.674 -2.5243
-0.493 -0.415 -2.8123
-0.49 -0.291 -2.6137
-0.489 0.975 -2.5161
-0.487 0.751 -2.9529
-0.483 -0.945 -2.3638
-0.483 -0.513 -2.5061
-0.482 -0.138 -2.3756
-0.482 0.428 -2.6971
-0.481 -0.798 -2.0401
-0.479 -0.344 -2.2888
-0.479 0.718 -2.5211
-0.477 -0.521 -2.492
-0.476 0.678 -2.2857
-0.474 0.075 -2.6435
-0.471 -0.642 -2.5731
-0.471 0.21 -2.7103
-0.47 -0.054 -2.3043
-0.469 0.32 -2.2176
-0.466 -0.228 -2.5179
-0.463 0.47 -2.7456
-0.46 0.868 -2.1543
-0.453 -0.084 -2.5911
-0.453 0.622 -2.0652
-0.45 0.244 -2.4045
-0.45 0.817 -2.5798
-0.448 -0.972 -2.3679
-0.448 0.156 -2.3801
-0.445 0.335 -2.477
-0.445 0.47 -2.4269
-0.443 0.777 -2.4986
-0.44 -0.02 -2.5349
-0.429 -0.08 -2.6841
-0.427 0.34 -2.3583
-0.423 0.225 -2.3374
-0.421 -0.613 -2.3477
-0.421 0.778 -2.5659
-0.42 -0.308 -2.2204
-0.416 0.674 -2.6363
-0.408 0.663 -2.6456
-0.406 0.287 -2.6468
-0.406 0.819 -2.7987
-0.405 0.583 -2.5197
-0.404 0.727 -2.6737
-0.401 0.755 -2.4579
-0.396 0.639 -2.6693
-0.394 0.389 -2.3727
-0.394 0.434 -2.6496
-0.393 -0.308 -2.5069
-0.392 0.196 -2.5047
-0.388 1 -2.5405
-0.385 -0.064 -2.6411
-0.383 -0.479 -2.8339
-0.383 0.374 -2.6392
-0.38 -0.573 -2.2902
-0.38 0.019 -2.8247
-0.378 -0.625 -2.1036
-0.374 -0.264 -2.5673
-0.374 -0.045 -2.3063
-0.372 -0.807 -2.5723
-0.371 -0.282 -2.4532
-0.369 -0.149 -2.2701
-0.367 -0.277 -2.0157
-0.366 0.313 -2.3868
-0.36 0.057 -2.5809
-0.359 -0.567 -2.1818
-0.358 0.546 -2.3803
-0.355 -0.883 -2.7357
-0.355 -0.54 -2.2582
-0.347 -0.728 -2.6068
-0.343 -0.723 -2.6504
-0.342 0.277 -2.3178
-0.341 0.218 -2.4498
-0.34 0.166 -2.3999
-0.338 -0.036 -2.6728
-0.336 0.439 -2.4055
-0.335 0.799 -2.5201
-0.333 0.28 -2.6179
-0.331 0.128 -2.4036
-0.328 -0.407 -2.1046
-0.328 -0.312 -2.4226
-0.326 0.964 -2.1562
-0.324 -0.876 -2.3864
-0.323 -0.809 -2.1085
-0.323 -0.077 -2.4189
-0.322 -0.74 -2.4714
-0.321 0.282 -2.3379
-0.319 -0.84 -2.7958
-0.319 0.176 -2.6003
-0.318 -0.674 -2.2469
-0.314 0.142 -2.5275
-0.305 0.73 -2.1849
-0.304 0.546 -2.4092
-0.303 -0.539 -2.5236
-0.3 -0.812 -2.5727
-0.298 -0.956 -2.624
-0.294 0.756 -2.4959
-0.293 -0.482 -2.356
-0.292 -0.618 -2.2676
-0.29 0.292 -2.5726
-0.289 -0.11 -2.2554
-0.287 -0.481 -2.308
-0.285 0.272 -2.5144
-0.284 -0.428 -2.4184
-0.282 0.534 -2.5023
-0.281 -0.812 -2.4065
-0.28 -0.424 -2.2896
-0.279 0.913 -2.457
-0.274 0.953 -2.3748
-0.273 0.135 -2.5996
-0.271 -0.442 -2.1384
-0.27 0.555 -2.3406
-0.266 0.002 -2.4567
-0.262 0.182 -2.3857
-0.262 0.893 -2.1198
-0.261 -0.144 -2.3318
-0.261 0.026 -2.05
-0.26 0.1 -2.3027
-0.259 0.144 -2.0908
-0.257 -0.83 -2.1128
-0.257 -0.589 -1.9545
-0.257 -0.336 -2.4797
-0.256 0.994 -2.4817
-0.253 0.934 -2.1541
-0.251 -0.238 -2.2091
-0.249 -0.075 -2.2939
-0.249 0.823 -2.0494
-0.248 -0.889 -2.4949
-0.245 -0.848 -2.2586
-0.244 0.084 -2.412
-0.241 0.78 -2.5228
-0.239 0.017 -2.189
-0.233 0.783 -2.1511
-0.231 -0.656 -2.0689
-0.229 -0.508 -2.5365
-0.226 -0.492 -2.1386
-0.219 -0.509 -2.4795
-0.215 -0.951 -2.3073
-0.214 0.522 -1.9546
-0.207 0.96 -2.5516
-0.202 0.227 -2.1892
-0.198 0.943 -1.9353
-0.196 0.741 -2.1349
-0.194 0.719 -2.1856
-0.194 0.963 -2.4322
-0.193 -0.115 -2.2645
-0.193 0.514 -2.1671
-0.19 0.227 -2.1059
-0.184 0.483 -2.4686
-0.183 -0.967 -2.0743
-0.179 0.996 -1.8618
-0.176 -0.934 -2.5388
-0.164 -0.813 -2.0008
-0.163 0.938 -2.0801
-0.163 0.964 -2.1771
-0.159 -0.725 -2.1785
-0.159 -0.64 -2.1341
-0.159 0.104 -2.1251
-0.158 0.205 -2.3708
-0.157 -0.431 -1.7363
-0.157 0.694 -1.8203
-0.155 0.002 -2.0851
-0.154 0.365 -1.8977
-0.148 -0.953 -2.4738
-0.147 -0.944 -2.0167
-0.147 0.644 -2.2251
-0.146 -0.066 -1.9723
-0.146 0.675 -2.2321
-0.145 0.979 -1.9484
-0.144 -0.441 -2.1092
-0.142 0.402 -2.1688
-0.142 0.915 -1.9777
-0.139 0.187 -2.261
-0.131 0.706 -2.1596
-0.122 -0.915 -2.5029
-0.122 -0.672 -2.043
-0.121 -0.821 -2.1552
-0.121 -0.549 -2.2643
-0.116 -0.926 -1.8611
-0.116 0.316 -2.0425
-0.116 0.856 -1.9368
-0.115 0.568 -2.2498
-0.114 0.551 -1.9957
-0.113 -0.655 -2.1425
-0.112 -0.981 -2.2517
-0.11 0.131 -2.1807
-0.108 0.561 -2.2664
-0.107 -0.689 -2.1529
-0.107 0.522 -2.1834
-0.107 0.617 -2.166
-0.106 -0.982 -1.9839
-0.103 0.713 -1.9639
-0.102 0.353 -2.2347
-0.102 0.699 -1.7997
-0.101 0.563 -2.2208
-0.1 -0.222 -2.246
-0.1 0.295 -2.2784
-0.098 -0.419 -2.4569
-0.098 -0.205 -1.9899
-0.097 -0.594 -1.8872
-0.097 0.831 -2.0471
-0.096 0.975 -2.264
-0.093 -0.019 -1.8853
-0.092 0.135 -2.3104
-0.091 -0.96 -2.0602
-0.085 -0.705 -2.2185
-0.084 0.844 -2.2356
-0.084 0.878 -1.9014
-0.078 0.072 -1.9373
-0.068 0.357 -1.8599
-0.067 -0.993 -1.6631
-0.066 -0.752 -1.7854
-0.065 -0.719 -2.1425
-0.065 -0.012 -2.2295
-0.063 -0.834 -1.9722
-0.058 -0.884 -2.0516
-0.055 0.638 -2.0206
-0.053 0.123 -1.7586
-0.05 0.81 -1.9577
-0.049 0.251 -2.3128
-0.049 0.897 -1.7695
-0.045 -0.373 -2.3394
-0.045 0.438 -1.9108
-0.042 -0.534 -2.1482
-0.042 0.139 -2.1239
-0.04 -0.172 -1.5477
-0.038 0.038 -1.9038
-0.035 -0.945 -1.9589
-0.032 0.86 -2.0597
-0.03 -0.281 -2.1014
-0.029 -0.663 -2.091
-0.027 0.774 -1.8723
-0.025 0.022 -1.8081
-0.023 0.625 -1.9285
-0.022 0.691 -1.593
-0.021 -0.226 -2.1191
-0.017 -0.182 -1.9763
-0.016 -0.7 -2.0263
-0.014 -0.56 -2.115
-0.014 0.923 -1.8589
-0.013 -0.604 -1.9229
-0.011 -0.269 -2.055
-0.011 0.367 -1.9482
-0.008 0.554 -1.6207
-0.007 -0.481 -2.2242
-0.005 -0.479 -2.133
0.002 0.005 -1.9771
0.004 0.941 -1.8493
0.005 -0.682 -2.0555
0.007 0.589 -2.1741
0.01 -0.312 -1.8663
0.013 -0.493 -1.9443
0.015 0.921 -1.808
0.016 0.4 -2.1141
0.016 0.662 -1.4882
0.017 0.378 -1.8703
0.019 0.148 -1.9078
0.019 0.44 -1.8922
0.02 -0.59 -2.0116
0.021 -0.693 -2.0905
0.022 0.689 -1.7319
0.024 -0.955 -1.7246
0.025 0.426 -1.8109
0.029 -0.109 -2.0425
0.03 -0.96 -2.3726
0.033 -0.637 -1.8559
0.035 -0.481 -1.7948
0.037 0.451 -1.6444
0.044 -0.63 -1.8115
0.045 -0.167 -1.8521
0.046 0.528 -1.9396
0.046 0.78 -1.7834
0.047 -0.478 -2.2159
0.047 0.463 -2.3342
0.048 0.456 -1.8858
0.052 0.055 -2.1484
0.053 -0.16 -2.1556
0.058 0.266 -1.9479
0.059 0.155 -2.0232
0.059 0.294 -2.247
0.06 -0.433 -1.7906
0.06 0.548 -2.2155
0.06 0.932 -1.9656
0.061 -0.138 -2.1443
0.062 0.685 -2.015
0.064 0.53 -2.077
0.07 0.835 -2.4175
0.079 0.249 -1.9333
0.083 -0.466 -2.0588
0.083 0.83 -2.0378
0.085 0.006 -1.8497
0.087 -0.209 -1.9754
0.089 0.835 -2.3322
0.094 0.117 -1.9791
0.098 0.349 -1.6545
0.101 -0.801 -1.9143
0.101 0.209 -2.0379
0.101 0.402 -1.9001
0.101 0.491 -2.1175
0.102 0.58 -1.8364
0.103 -0.147 -2.1164
0.105 0.237 -2.074
0.106 -0.447 -1.9055
0.11 -0.17 -2.1624
0.111 -0.456 -1.9969
0.111 0.407 -2.0819
0.114 -0.173 -2.1099
0.114 -0.057 -1.7316
0.115 0.307 -2.3238
0.115 0.566 -2.3222
0.116 -0.253 -2.3119
0.119 -0.071 -2.0367
0.121 0.755 -2.2577
0.123 0.283 -2.1569
0.123 0.813 -1.8841
0.126 -0.63 -2.1414
0.126 -0.306 -2.0584
0.13 0.406 -1.899
0.133 0.18 -2.4918
0.138 -0.811 -1.9679
0.14 -0.323 -2.0605
0.141 -0.911 -1.9565
0.141 -0.615 -1.9473
0.141 0.257 -2.0606
0.145 0.586 -2.0758
0.145 0.65 -2.1897
0.146 -0.866 -1.8992
0.146 0.067 -2.3578
0.146 0.952 -1.84
0.147 0.726 -2.4568
0.148 0.138 -2.0197
0.148 0.888 -2.2184
0.152 0.817 -2.2824
0.153 -0.53 -2.2392
0.159 -0.751 -2.4341
0.159 0.822 -2.1386
0.165 -0.103 -2.2937
0.172 -0.327 -2.5306
0.174 -0.705 -2.1668
0.174 -0.649 -1.9179
0.174 0.422 -2.2282
0.174 0.995 -2.0334
0.179 -0.142 -1.9313
0.179 0.997 -2.0908
0.184 0.496 -2.1838
0.187 -0.608 -2.5826
0.188 -0.541 -2.1439
0.191 -0.946 -2.2892
0.193 -0.128 -1.8953
0.196 -0.339 -1.8563
0.199 0.068 -2.005
0.199 0.917 -2.0451
0.201 0.866 -2.1995
0.202 0.425 -2.1928
0.203 0.117 -2.3308
0.204 -0.569 -2.2784
0.207 0.234 -2.4069
0.207 0.275 -2.1998
0.207 0.446 -2.0577
0.211 0.739 -2.4651
0.212 -0.719 -1.995
0.218 -0.52 -2.2151
0.219 -0.677 -2.4775
0.219 -0.554 -2.3744
0.22 -0.731 -2.0735
0.222 0.405 -2.2412
0.226 0.159 -2.0498
0.228 -0.379 -2.2732
0.228 0.132 -2.0786
0.229 0.884 -2.5293
0.23 -0.532 -1.9622
0.23 -0.027 -2.1148
0.23 0.092 -2.5311
0.233 0.25 -1.897
0.235 0.413 -1.9401
0.243 0.762 -2.0209
0.248 -0.815 -2.281
0.248 -0.505 -2.3912
0.248 0.26 -2.497
0.251 -0.973 -2.0834
0.253 0.276 -2.4714
0.254 -0.784 -2.1899
0.254 0.709 -2.2444
0.255 -0.055 -2.6142
0.256 -0.698 -2.2724
0.257 -0.992 -2.548
0.257 0.537 -2.6067
0.258 -0.352 -2.1091
0.258 0.805 -2.1075
0.259 -0.287 -2.3536
0.26 -0.705 -2.413
0.268 -0.471 -2.1577
0.269 -0.331 -2.2305
0.274 0.118 -2.3497
0.275 0.216 -2.044
0.277 -0.285 -2.3286
0.279 -0.203 -2.2887
0.279 0.294 -2.27
0.282 0.106 -1.6852
0.282 0.864 -2.2556
0.283 0.439 -2.3022
0.284 -0.155 -2.539
0.288 -0.539 -2.2086
0.289 0.241 -2.6748
0.291 -0.488 -2.6266
0.291 0.455 -2.5571
0.292 -0.284 -2.1915
0.292 0.357 -2.5614
0.294 0.009 -2.0719
0.297 -0.392 -2.298
0.298 -0.875 -2.2686
0.298 -0.393 -2.5077
0.299 -0.098 -2.7239
0.3 -0.347 -2.4425
0.3 0.724 -2.4904
0.301 -0.168 -2.4745
0.302 -0.68 -2.3652
0.305 0.047 -2.5486
0.306 -0.171 -2.5011
0.312 0.435 -2.4914
0.313 -0.632 -2.3688
0.314 0.982 -2.7363
0.316 -0.475 -2.5866
0.318 0.886 -2.5701
0.319 -0.854 -2.2158
0.32 0.372 -2.3798
0.323 -0.639 -2.2506
0.323 -0.09 -2.4241
0.324 -0.183 -2.6892
0.326 -0.637 -2.7791
0.327 0.403 -2.6904
0.331 -0.901 -2.5795
0.332 0.727 -2.4842
0.336 -0.154 -2.5915
0.338 0.351 -2.3546
0.339 -0.088 -2.4162
0.339 0.634 -2.7892
0.349 0.022 -2.4565
0.352 -0.244 -2.2767
0.357 0.646 -2.3602
0.358 -0.985 -2.6631
0.358 0.358 -2.2473
0.364 0.687 -2.383
0.364 0.881 -2.6589
0.365 -0.792 -2.2915
0.374 0.192 -2.8026
0.375 0.64 -2.8387
0.378 0.093 -2.3792
0.38 0.412 -2.6748
0.382 -0.752 -2.1874
0.383 0.304 -2.6874
0.384 0.443 -2.8093
0.389 -0.843 -2.3882
0.39 -0.347 -2.0897
0.391 0.766 -2.3249
0.398 0.255 -2.2916
0.399 -0.712 -2.4659
0.399 0.919 -2.8656
0.4 -0.943 -2.4631
0.4 0.397 -2.5263
0.4 0.519 -2.6212
0.403 -0.72 -2.6196
0.407 0.734 -2.1826
0.415 -0.82 -2.6235
0.415 -0.035 -2.6497
0.416 0.353 -2.3933
0.418 0.882 -2.4334
0.424 0.187 -2.3991
0.425 -0.509 -2.3234
0.425 -0.12 -2.4208
0.428 0.917 -2.6954
0.43 0.819 -2.6315
0.433 -0.305 -2.1974
0.434 0.565 -2.5452
0.435 0.625 -2.4044
0.436 0.31 -2.4682
0.44 -0.809 -2.5673
0.444 0.159 -2.6999
0.447 0.289 -2.2599
0.448 -0.077 -2.2209
0.449 -0.881 -2.3091
0.454 0.814 -2.5436
0.457 -0.531 -2.2424
0.459 -0.042 -2.0485
0.46 -0.228 -2.4746
0.461 -0.616 -2.494
0.462 0.872 -2.4505
0.463 0.924 -2.3354
0.464 -0.259 -2.618
0.465 0.848 -2.5506
0.469 0.238 -2.4949
0.47 0.377 -2.4569
0.47 0.759 -2.2903
0.472 0.116 -2.106
0.475 -0.305 -2.3579
0.475 0.391 -2.5165
0.475 0.945 -2.0745
0.477 -0.199 -2.588
0.478 0.897 -2.7488
0.479 0.187 -2.3586
0.481 -0.605 -2.4121
0.483 0.322 -2.4556
0.483 0.809 -2.601
0.485 0.799 -2.3118
0.494 -0.242 -2.4399
0.494 0.587 -2.6336
0.495 -0.377 -2.7367
0.505 -0.884 -2.175
0.506 0.38 -2.5521
0.507 -0.534 -2.3177
0.507 0.96 -2.3038
0.508 0.591 -2.472
0.511 0.153 -2.2139
0.511 0.97 -2.2711
0.52 -0.915 -2.4684
0.52 0.167 -2.3228
0.52 0.46 -2.4285
0.522 -0.341 -2.5566
0.523 -0.385 -2.2389
0.524 -0.511 -2.6947
0.531 0.071 -1.9736
0.532 -0.03 -2.6482
0.535 0.965 -2.485
0.538 0.919 -2.1137
0.539 0.506 -2.4242
0.542 0.936 -2.2799
0.544 -0.611 -2.2151
0.545 -0.105 -2.4939
0.548 0.67 -2.4049
0.551 0.696 -2.0847
0.551 0.78 -2.3026
0.553 -0.629 -2.7175
0.556 -0.881 -2.6599
0.556 0.735 -2.0071
0.557 0.315 -2.1841
0.557 0.693 -2.0555
0.558 -0.911 -2.4674
0.558 -0.339 -2.5172
0.56 -0.547 -2.4585
0.56 0.503 -2.2525
0.561 0.942 -2.336
0.564 0.328 -2.2176
0.576 -0.386 -2.2777
0.582 0.607 -2.1412
0.584 -0.349 -2.091
0.584 0.223 -2.3792
0.585 -0.367 -2.1079
0.588 -0.192 -2.062
0.591 -0.01 -1.9829
0.591 0.502 -2.0916
0.593 -0.19 -2.0931
0.594 0.859 -2.2567
0.598 0.118 -2.5352
0.598 0.441 -1.8582
0.599 0.231 -2.0673
0.6 -0.491 -2.22
0.602 0.274 -1.941
0.603 0.485 -2.35
0.605 -0.075 -2.0297
0.609 0.07 -1.8461
0.609 0.792 -2.0281
0.619 0.622 -1.9889
0.62 0.285 -2.0082
0.625 -0.234 -1.8878
0.626 -0.986 -1.8695
0.63 -0.876 -1.7406
0.63 -0.251 -2.1389
0.633 -0.301 -1.9202
0.633 0.036 -2.162
0.639 -0.288 -1.9571
0.643 0.181 -1.6121
0.643 0.582 -1.6589
0.645 -0.982 -1.6358
0.651 -0.302 -1.8491
0.652 -0.574 -1.893
0.654 -0.504 -1.968
0.657 0.873 -1.6046
0.658 0.151 -1.8214
0.66 0.747 -1.6577
0.662 -0.924 -1.498
0.668 0.203 -1.4389
0.671 0.049 -1.6799
0.671 0.646 -1.5947
0.675 -0.233 -1.5926
0.677 -0.101 -1.7741
0.677 0.835 -1.6201
0.678 -0.091 -1.8246
0.679 0.403 -1.5185
0.68 -0.165 -1.8387
0.682 -0.748 -1.3921
0.683 0.187 -1.6015
0.688 0.645 -1.7098
0.69 0.966 -1.5361
0.693 0.871 -1.4495
0.696 0.286 -1.1818
0.697 -0.713 -1.7071
0.698 0.463 -1.475
0.702 0.523 -1.876
0.703 -0.745 -1.3299
0.703 -0.602 -1.3832
0.704 0.21 -1.1592
0.704 0.999 -1.5367
0.705 -0.427 -1.5038
0.706 -0.814 -1.3128
0.708 -0.22 -1.6863
0.715 0.218 -1.4794
0.717 -0.506 -1.1865
0.72 -0.354 -1.2543
0.72 0.874 -1.4193
0.724 0.023 -1.2598
0.725 0.587 -1.0887
0.726 -0.493 -1.0208
0.727 -0.26 -1.5096
0.729 -0.038 -1.2955
0.73 0.416 -1.4818
0.731 -0.545 -1.3745
0.731 -0.518 -1.4331
0.732 -0.023 -0.97384
0.734 0.103 -1.2787
0.736 -0.938 -1.0717
0.736 -0.709 -1.1405
0.742 -0.422 -1.372
0.744 0.659 -1.2324
0.745 -0.15 -0.99133
0.748 -0.441 -1.0764
0.752 -0.921 -1.1209
0.753 -1 -1.1157
0.755 -0.38 -0.98355
0.758 -0.029 -1.1483
0.759 0.978 -0.51638
0.766 0.177 -0.89174
0.768 0.183 -0.83782
0.768 0.926 -1.2584
0.769 -0.614 -0.91154
0.774 -0.241 -0.53245
0.775 -0.79 -0.84835
0.782 -0.008 -0.77282
0.784 0.128 -0.84952
0.789 0.153 -0.33793
0.797 0.648 -0.36748
0.804 -0.5 -0.21177
0.804 -0.467 -0.25392
0.81 0.702 -0.49243
0.811 0.783 -0.45719
0.813 0.857 -0.034623
0.814 -0.051 -0.14845
0.815 -0.982 -0.41652
0.815 -0.897 -0.29629
0.819 -0.858 -0.25241
0.822 -0.591 -0.4492
0.823 0.256 -0.62331
0.825 -0.216 -0.2941
0.825 0.756 -0.022283
0.831 0.619 -0.31642
0.831 0.81 0.072753
0.833 -0.994 -0.40858
0.836 0.703 -0.1091
0.838 -0.216 -0.48198
0.838 0.773 -0.20312
0.841 -0.562 -0.27752
0.842 0.156 0.0076708
0.846 0.672 -0.12271
0.851 -0.967 -0.01617
0.851 -0.645 -0.20337
0.852 -0.891 -0.076818
0.852 0.86 -0.0093641
0.853 0.01 0.079244
0.855 0.322 -0.045825
0.857 0.874 0.49134
0.858 -0.151 0.037928
0.863 -0.929 -0.063694
0.864 -0.497 0.35917
0.864 0.312 0.039264
0.864 0.96 0.12076
0.866 -0.285 -0.00033944
0.868 -0.619 0.064034
0.868 0.244 0.045151
0.868 0.635 -0.010787
0.87 -0.305 0.23829
0.87 -0.095 0.021825
0.87 0.62 0.22679
0.873 -0.927 0.20496
0.873 -0.075 0.40438
0.875 0.726 0.3635
0.876 0.777 -0.050628
0.877 0.599 -0.092589
0.883 -0.905 0.13536
0.883 0.958 0.19008
0.885 -0.503 0.21735
0.897 -0.209 0.28614
0.897 -0.172 0.32133
0.899 -1 0.31631
0.904 -0.469 0.55167
0.905 -0.473 0.1137
0.907 0.187 0.28406
0.908 -0.789 0.42984
0.911 0.871 0.95587
0.912 -0.175 0.31691
0.914 -0.572 0.94935
0.914 -0.247 0.42114
0.916 0.726 0.73971
0.919 -0.743 0.97435
0.919 0.169 1.055
0.92 -0.496 0.38164
0.922 0.143 0.90249
0.923 -0.331 0.81795
0.923 0.119 0.56737
0.931 0.964 0.65798
0.935 0.038 0.61045
0.936 0.564 0.59606
0.937 -0.735 0.69559
0.938 0.795 0.496
0.939 0.141 0.87014
0.941 0.876 0.68095
0.942 -0.483 1.1867
0.943 0.474 0.99543
0.946 -0.195 1.0199
0.947 -0.131 0.97787
0.948 -0.46 1.0811
0.948 0.033 1.0391
0.953 0.741 0.62263
0.958 0.252 0.80115
0.959 -0.12 1.0068
0.963 -0.341 1.4686
0.963 0.245 0.86009
0.964 -0.654 1.4996
0.965 0.984 1.1453
0.967 -0.429 1.203
0.968 -0.202 1.1641
0.971 -0.56 1.1625
0.972 0.57 1.2332
0.977 -0.703 1.379
0.982 0.406 1.6601
0.985 -0.681 1.7135
0.985 -0.184 1.3456
0.985 0.226 1.3114
0.989 -0.827 1.2819
0.993 -0.564 1.4719
0.993 -0.235 1.5376
