Spoken digits
first trial (using min vals of distances for classification)
1003.7975232601166 (16.71s per dev file) 
[[0, 0, 0, 0, 0, 0, 0, 0, 0, 0, 0, 0], [1, 1, 1, 1, 1, 1, 1, 1, 1, 1, 1, 1], [2, 2, 2, 2, 2, 0, 2, 2, 2, 2, 2, 2], [3, 3, 3, 3, 3, 3, 3, 3, 3, 3, 0, 3], [4, 4, 4, 4, 4, 1, 4, 4, 4, 4, 1, 4]]
Accuracy =  0.9333333333333333

second trial (using average vals of distances for classification)
983.7208139896393
[[0, 0, 0, 0, 0, 0, 0, 0, 0, 0, 0, 0], [1, 1, 1, 1, 1, 1, 1, 1, 1, 1, 1, 1], [2, 0, 2, 2, 2, 0, 2, 2, 2, 2, 2, 2], [3, 3, 3, 3, 3, 0, 3, 3, 3, 3, 3, 3], [4, 4, 4, 4, 4, 1, 1, 4, 4, 1, 4, 4]]
Accuracy =  0.9









Telugu Chars
first trial (using only x,y)
1808.0282170772552
[[0, 0, 0, 0, 0, 0, 0, 0, 0, 0, 0, 0, 0, 0, 0, 0, 0, 0, 0, 0], [1, 1, 1, 2, 2, 1, 2, 2, 3, 2, 2, 1, 1, 1, 1, 2, 1, 3, 1, 2], [2, 2, 2, 2, 1, 2, 2, 2, 2, 1, 1, 2, 2, 2, 2, 2, 2, 3, 1, 1], [3, 3, 3, 3, 1, 3, 3, 3, 2, 3, 
3, 3, 3, 3, 3, 3, 3, 3, 3, 2], [4, 3, 4, 4, 4, 3, 4, 4, 4, 4, 4, 4, 4, 4, 3, 4, 4, 3, 4, 4]]
Accuracy =  0.77
100

second trial (using x,y,slope)
1536.9518365859985
[[0, 4, 3, 1, 0, 0, 0, 3, 0, 0, 0, 0, 0, 3, 0, 0, 0, 0, 0, 0], [1, 0, 1, 0, 3, 3, 1, 3, 0, 1, 2, 3, 1, 2, 2, 0, 1, 0, 3, 2], [3, 4, 2, 2, 1, 2, 2, 3, 2, 2, 2, 2, 2, 3, 4, 2, 0, 2, 0, 3], [2, 3, 2, 2, 3, 2, 3, 3, 4, 3, 
3, 3, 4, 3, 4, 0, 0, 2, 3, 3], [3, 4, 1, 1, 0, 0, 2, 1, 3, 3, 4, 3, 0, 0, 4, 4, 4, 3, 0, 4]]
Accuracy =  0.48
100