-11.154,-4.6315,1
2.0376,14.226,1
15.621,-4.8628,1
-0.60815,8.0742,1
-10.8,7.5853,1
-8.6872,-7.902,1
-3.2856,13.874,1
16.079,1.3932,1
7.1688,-15.029,1
-5.7661,-9.5793,1
2.7146,-10.428,1
1.432,14.411,1
7.225,13.2,1
15.359,2.9333,1
2.8894,-10.343,1
7.2676,5.6273,1
13.179,-9.6797,1
11.112,-11.945,1
-7.9249,10.764,1
4.3978,-9.3964,1
-1.5772,7.7711,1
16.033,-1.3666,1
-12.406,2.0171,1
14.659,-7.499,1
15.796,2.6584,1
3.8739,14.046,1
1.5115,14.227,1
0.014781,-4.4884,1
-3.987,-3.4899,1
-11.719,4.7591,1
-9.1438,-6.869,1
0.026117,-10.623,1
-6.7684,11.928,1
-5.6403,12.318,1
-4.2983,13.445,1
15.829,-3.9775,1
-1.8325,14.262,1
-11.115,-4.1728,1
1.1435,14.384,1
9.5008,-0.99356,1
-4.7852,-10.167,1
-6.0641,1.1986,1
-2.998,-4.103,1
12.348,9.4794,1
-0.76834,14.127,1
6.4911,6.4121,1
-5.2668,-9.8717,1
7.9966,4.292,1
15.864,2.3581,1
9.5214,-1.9618,1
-2.3743,-10.758,1
-6.1722,-0.12624,1
-11.792,-2.6095,1
15.823,-2.6379,1
4.6547,7.3934,1
11.674,-11.356,1
14.455,-7.8245,1
9.5782,-1.4701,1
-5.0882,-2.4558,1
-5.7724,-9.3426,1
-5.366,-1.3183,1
-3.1291,6.7023,1
7.0072,-7.0433,1
6.2549,-15.768,1
8.9085,3.7525,1
-2.5959,6.9081,1
-2.7095,13.833,1
-9.3736,9.5593,1
10.434,-12.747,1
15.861,1.7829,1
2.5022,14.198,1
14.482,6.4985,1
9.3534,-2.5892,1
-9.2542,9.3164,1
1.7616,-10.77,1
-3.7187,13.581,1
6.9373,-15.378,1
-7.3928,-8.802,1
16.028,1.0655,1
-4.1671,13.2,1
7.5776,5.3813,1
9.9135,11.629,1
7.6506,-14.819,1
3.7462,14.253,1
-1.4389,7.8603,1
-11.905,5.5574,1
-7.0365,-9.0625,1
15.82,-2.871,1
-12.327,1.1653,1
12.304,-11.082,1
-9.4577,8.8912,1
15.086,-5.1908,1
-12.315,1.4655,1
5.2014,14.042,1
-1.1534,14.066,1
2.2495,-10.126,1
-11.561,-2.6298,1
-7.3512,11.4,1
-0.93365,8.1716,1
-7.0754,11.7,1
16.016,1.0832,1
15.945,-2.409,1
-4.7695,12.971,1
-11.283,6.1267,1
8.7083,-5.3778,1
15.716,3.0826,1
7.1805,5.2843,1
15.674,-3.6796,1
-12.257,2.8358,1
-10.476,7.9053,1
10.17,11.633,1
2.0131,-10.544,1
1.1228,-10.636,1
-3.8626,6.1968,1
13.787,6.7873,1
-2.815,14.011,1
15.524,-5.1239,1
-9.3244,9.3938,1
-1.7581,-10.769,1
6.034,-8.3629,1
-6.3352,1.1521,1
-11.77,5.6714,1
1.0596,8.265,1
15.594,2.0312,1
-12.482,1.7008,1
9.1233,3.2764,1
9.6707,-0.28762,1
2.5574,8.1564,1
-1.3726,-10.665,1
12.894,-10.276,1
0.74107,8.0824,1
-2.5993,-10.477,1
9.0389,12.121,1
13.15,-9.8975,1
9.5515,-13.841,1
9.6639,11.801,1
-11.258,6.4521,1
5.9244,13.583,1
14.353,6.0654,1
-12.132,1.4064,1
14.199,6.4082,1
-11.152,6.8259,1
8.8804,-4.6342,1
-6.2372,-9.2179,1
5.8861,13.432,1
11.572,10.276,1
-11.435,5.4484,1
-11.317,6.7588,1
-2.1621,7.0549,1
9.2439,12.29,1
-0.44284,8.1422,1
13.935,7.3414,1
-6.5444,12.19,1
8.6609,3.9979,1
11.11,10.629,1
11.577,-12.037,1
0.38894,14.508,1
4.4915,14.25,1
-3.6371,-10.195,1
-9.3346,9.597,1
-4.7007,13.072,1
8.5766,-4.8141,1
4.696,7.2698,1
15.166,-6.2323,1
-9.9161,-6.3974,1
0.73581,14.432,1
5.8182,13.622,1
-12.094,4.3979,1
8.5913,12.294,1
9.0497,-13.938,1
13.617,7.9443,1
12.934,-10.144,1
8.5719,3.8153,1
-10.366,7.8074,1
-11.489,-3.9236,1
2.2855,7.9915,1
-3.1378,-4.1925,1
-1.5211,-4.5201,1
6.5557,13.305,1
-8.1035,10.7,1
14.606,5.8417,1
2.8986,14.367,1
-12.224,2.2547,1
4.5239,13.954,1
-1.1681,-10.535,1
0.15957,-4.3944,1
12.088,-11.293,1
-5.8669,3.1367,1
2.2915,14.385,1
9.0198,-4.8018,1
8.5038,12.194,1
-5.535,-1.8822,1
12.471,-10.2,1
4.201,-9.6307,1
4.7585,-9.5875,1
14.768,-6.951,1
9.3034,-2.7458,1
-3.9586,-10.437,1
13.545,7.3873,1
-4.9379,13.195,1
-10.633,7.7789,1
13.57,7.1615,1
15.004,-6.257,1
4.5563,14.029,1
-2.8768,-4.384,1
-7.2548,11.763,1
-1.1814,14.029,1
-11.621,4.8582,1
15.63,1.5931,1
5.6697,-8.8259,1
9.3863,1.2788,1
14.363,-7.5381,1
6.5276,6.2247,1
-11.509,5.3307,1
-12.511,2.2787,1
9.7004,1.1792,1
-8.7145,-7.2606,1
-5.93,-0.18779,1
10.887,-12.255,1
-3.9012,13.378,1
-11.261,-3.5439,1
14.139,6.7319,1
15.293,4.137,1
7.5582,-14.943,1
7.5844,5.0823,1
-2.9542,-10.577,1
-5.8999,3.4761,1
9.7532,-13.295,1
15.473,2.5933,1
-9.1003,-7.302,1
-11.226,5.9852,1
-12.555,1.8602,1
9.6456,-3.1394,1
0.51352,14.161,1
-8.7758,10.163,1
8.5768,-14.004,1
14.929,5.1499,1
1.5586,8.3236,1
-6.1571,12.229,1
-11.376,6.5362,1
-9.2499,-7.1406,1
13.352,-9.6149,1
6.1127,-15.59,1
9.7199,1.0375,1
-11.921,4.5266,1
6.9879,5.844,1
9.0444,-14.139,1
-5.644,-1.0761,1
-11.747,5.7576,1
16.133,-2.39,1
-4.5495,5.5818,1
1.2297,8.0448,1
-4.3405,-10.399,1
7.3678,5.2249,1
4.0184,-9.8695,1
1.2188,-10.532,1
-7.198,-8.7236,1
-10.144,-5.5008,1
16.024,-2.6632,1
15.613,-3.0917,1
-6.0098,0.49669,1
14.034,-8.1848,1
-0.29627,-4.4542,1
13.947,6.9864,1
6.164,-15.569,1
15.556,2.1328,1
6.7429,6.0908,1
1.4416,-10.661,1
5.2355,-9.2881,1
10.912,10.746,1
-1.0969,-10.917,1
-8.6157,-7.3372,1
9.5124,1.1472,1
-4.531,-10.164,1
1.8995,7.9579,1
-6.3713,12.006,1
8.6018,-5.0595,1
7.5413,-6.5512,1
-7.9472,-8.1437,1
14.891,-6.9625,1
14.161,6.6077,1
16.119,-0.54441,1
1.0005,-4.1449,1
-4.3835,-2.7426,1
-4.6818,-2.9163,1
-9.9418,-6.2378,1
-6.789,12.138,1
-7.7155,11.304,1
9.0691,-4.019,1
-5.6744,-9.4713,1
-10.382,7.8159,1
-0.77114,14.462,1
3.166,-9.8433,1
11.967,9.4124,1
-6.0191,1.7227,1
-3.5869,-10.468,1
-12.104,3.7646,1
12.02,-11.504,1
10.836,-12.378,1
-12.101,4.48,1
14.165,6.3609,1
14.677,-7.461,1
-8.7632,-7.5677,1
15.515,-3.9747,1
10.23,-13.402,1
-10.497,7.5289,1
15.589,-4.6606,1
-7.7777,-8.4647,1
7.0039,-7.6623,1
11.479,-11.885,1
-11.698,-2.3532,1
-10.343,-6.0487,1
-6.5006,-9.1259,1
8.7826,-4.7415,1
3.4321,14.293,1
-6.0848,0.83624,1
9.8059,0.41765,1
12.671,9.0065,1
14.74,5.7241,1
-0.3547,-4.4601,1
-5.915,-0.67596,1
10.835,-12.79,1
8.5949,3.8449,1
15.415,3.903,1
-2.0931,13.753,1
-5.502,-9.7586,1
-4.0796,-10.478,1
3.667,7.8846,1
0.83351,8.3255,1
-10.654,7.7137,1
2.177,14.608,1
13.241,-9.7699,1
11.544,-11.523,1
7.9443,-6.6265,1
9.2595,-3.5286,1
6.1805,13.616,1
-12.15,-0.66029,1
12.99,-9.8684,1
6.4102,-15.64,1
10.461,-12.898,1
15.127,-5.043,1
16.112,-2.2821,1
-5.8256,3.1413,1
4.8471,13.835,1
0.21346,14.182,1
-0.39176,-10.623,1
-9.8273,9.0227,1
-1.921,14.11,1
-11.721,5.0766,1
14.401,-7.1885,1
15.69,-4.3518,1
-6.3499,12.163,1
-9.2075,9.8399,1
14.437,-7.5433,1
-10.477,7.5343,1
7.2854,12.792,1
5.4084,-8.7557,1
10.676,-12.675,1
-12.43,0.21344,1
3.5396,7.7773,1
7.0548,5.7403,1
0.53876,14.382,1
-11.347,-3.6655,1
13.084,-10.038,1
-10.39,-5.6157,1
-8.8295,-7.3181,1
-12.271,-0.9347,1
-11.97,-1.5463,1
0.68309,7.9341,1
-6.7674,11.853,1
1.3232,-10.432,1
9.6422,-1.8353,1
15.565,-4.9904,1
-10.306,8.2696,1
5.5491,7.0677,1
9.1884,-3.7034,1
-0.38347,-10.93,1
-10.039,-5.882,1
-10.134,-5.8294,1
-1.2337,-4.6431,1
-2.8198,6.7748,1
5.9926,6.6874,1
-1.8681,13.845,1
14.647,5.3,1
8.6395,12.53,1
8.0754,12.555,1
13.13,8.6995,1
-8.9281,-7.2922,1
13.356,8.0169,1
16.089,-1.708,1
14.505,5.5103,1
4.4464,7.3438,1
9.6303,11.509,1
14.993,-5.6922,1
15.837,1.6991,1
-1.0596,-10.839,1
2.2929,14.484,1
-9.0599,9.595,1
7.8844,-14.997,1
-8.1066,-8.227,1
7.8089,12.59,1
9.8444,-0.26791,1
-9.6577,-6.1818,1
-10.134,8.282,1
10.323,-12.949,1
1.0311,14.566,1
3.1867,-9.9313,1
13.085,8.338,1
-0.80138,-4.6695,1
-6.7668,-8.9748,1
6.5119,6.241,1
7.3121,13.079,1
-4.5564,5.7661,1
-5.5567,-9.6375,1
15.22,3.9732,1
12.072,9.867,1
15.749,0.54126,1
8.5564,12.572,1
-10.599,7.525,1
-11.909,-1.0643,1
8.8582,12.471,1
6.5848,6.0375,1
15.173,-5.729,1
-0.39442,14.421,1
9.8023,-0.18809,1
8.8073,-14.118,1
-9.8511,8.9449,1
15.614,-3.6489,1
15.887,-2.8246,1
15.601,1.9234,1
-12.261,1.7604,1
13.792,-9.1885,1
-4.6539,-10.185,1
14.329,-7.9885,1
14.92,5.2246,1
-9.618,8.8592,1
8.1298,-14.628,1
-0.19194,14.309,1
-9.4674,-6.8634,1
11.531,10.268,1
-6.3243,-9.2585,1
0.70611,-10.909,1
-5.609,12.393,1
-12.183,-1.1169,1
2.3706,-10.44,1
5.3172,-8.796,1
-11.014,7.1742,1
8.082,4.9695,1
-4.0131,13.419,1
10.027,11.382,1
-7.1365,-9.0269,1
-4.0262,6.1513,1
15.556,-3.3519,1
7.7066,-15.032,1
-1.1587,-10.565,1
15.439,4.223,1
9.1192,-4.5814,1
-10.201,-5.527,1
-12.305,2.8145,1
-7.7336,11.276,1
16.045,-1.7984,1
-12.065,3.7331,1
-5.9464,12.091,1
16.004,-3.3478,1
-11.894,-1.1644,1
8.2203,-14.665,1
3.0652,7.8649,1
-4.6544,5.1588,1
11.276,10.445,1
7.62,12.897,1
9.9334,-0.99702,1
-11.67,5.3836,1
11.132,-12.224,1
5.706,13.747,1
-10.296,8.2309,1
5.0117,13.788,1
6.5913,-15.397,1
7.891,-14.751,1
9.5451,2.2263,1
1.4578,14.37,1
9.9501,-13.465,1
-6.2623,-9.372,1
15.126,-6.5156,1
2.2627,-3.6561,1
-5.0481,-2.0371,1
2.8367,-10.19,1
9.4732,0.84073,1
15.163,3.3669,1
15.786,2.8014,1
11.089,10.892,1
7.9071,-6.449,1
-4.3615,13.436,1
2.7597,-10.226,1
9.0277,12.256,1
-6.0884,2.1662,1
-1.2521,7.837,1
9.2561,-13.83,1
12.575,9.0314,1
-5.515,-9.5993,1
-11.714,-2.5367,1
-3.0019,6.8543,1
7.8644,4.631,1
-12.158,-0.6062,1
9.4929,0.85315,1
16.197,-0.28206,1
5.7728,-8.8632,1
-7.0429,11.887,1
8.585,-5.1158,1
12.805,-10.203,1
-8.8815,-6.9448,1
-4.8184,-2.2165,1
-6.4291,-9.3237,1
-12.403,-0.20325,1
12.834,-10.269,1
-0.9467,-10.667,1
-7.3305,11.55,1
4.3644,-9.612,1
10.112,-13.189,1
-8.4747,10.82,1
5.1085,13.736,1
-3.4283,-10.374,1
5.2232,14.048,1
-12.416,0.4964,1
-10.205,8.5809,1
14.61,-7.1495,1
1.1305,14.579,1
12.634,-10.585,1
-12.202,-1.2498,1
3.9805,-9.645,1
-0.67177,14.436,1
10.936,10.769,1
-12.355,3.2106,1
9.103,2.3286,1
3.8425,-9.7443,1
7.01,13.19,1
-4.7784,-9.9181,1
-10.303,8.6485,1
9.4138,-1.9199,1
8.5531,-5.4957,1
4.491,14.134,1
-5.9169,3.6187,1
-8.0913,-7.8882,1
8.7655,-4.5521,1
-12.225,-0.6111,1
11.39,10.096,1
-12.564,1.8622,1
-3.3683,-10.425,1
1.861,8.3672,1
6.8087,-7.6902,1
4.4495,14.152,1
16.018,0.3715,1
4.6321,-9.2133,1
-3.1876,13.533,1
7.7076,-14.991,1
-4.8724,12.689,1
-4.7899,12.984,1
-4.8979,13.06,1
16.169,-1.724,1
-1.2032,14.028,1
-6.2389,2.0948,1
14.742,-7.5393,1
-6.2418,1.0397,1
8.3183,4.2421,1
-7.2632,-9.0366,1
-0.86208,14.157,1
12.966,-10.343,1
14.282,-7.2558,1
15.577,-4.1536,1
-6.1561,12.057,1
-10.913,-4.4578,1
9.9617,-1.4253,1
9.5165,1.343,1
10.344,11.557,1
-3.1079,13.916,1
-4.8277,12.697,1
11.465,-11.907,1
-3.4054,6.5257,1
-0.010792,7.7814,1
-12.284,1.3838,1
15.707,2.9006,1
-3.8153,-10.235,1
-4.1352,13.209,1
-2.502,6.9575,1
14.743,-6.8748,1
15.99,1.5665,1
-12.278,1.1316,1
-5.7702,12.583,1
10.176,-13.376,1
9.5639,-1.714,1
-7.7104,11.33,1
14.131,-8.2632,1
-3.4532,13.709,1
8.7183,-4.7742,1
9.6873,0.55485,1
15.317,3.2719,1
-4.3081,-10.139,1
15.156,4.0073,1
7.7387,-6.5454,1
9.8603,-0.40337,1
15.386,-4.9116,1
-1.5853,7.5682,1
-7.7823,-8.5311,1
5.285,14.051,1
13.776,-8.6629,1
7.3308,12.853,1
7.3213,-15.122,1
-5.8295,0.59479,1
-12.18,2.2678,1
-10.215,-5.638,1
7.0582,-15.158,1
14.817,5.0603,1
-1.3955,14.414,1
15.698,3.4016,1
-5.3525,4.3399,1
14.479,5.5615,1
10.778,-12.477,1
0.25145,-4.2326,1
14.355,-7.6179,1
-6.927,-8.9093,1
-1.7987,13.86,1
15.353,-4.6558,1
-5.0021,13.171,1
-5.3304,4.6436,1
-10.653,7.8125,1
-7.8813,11.312,1
-8.8966,9.8541,1
-3.0282,13.816,1
4.431,14.124,1
-9.5528,-6.4158,1
-12.235,3.5878,1
-10.907,-4.0499,1
13.172,-9.6489,1
-0.97068,14.454,1
8.6904,-5.2952,1
15.906,-0.79196,1
-6.2765,-9.2493,1
14.532,5.9761,1
15.993,0.11641,1
-0.066893,-10.675,1
9.061,2.7471,1
-5.6276,-1.2311,1
5.8022,-8.7099,1
6.8955,6.0674,1
-6.6094,11.786,1
2.5359,8.2333,1
7.9783,-6.2659,1
-4.5045,13.337,1
0.93624,14.392,1
6.5363,6.3899,1
-12.472,0.3814,1
10.534,11.158,1
6.6379,13.507,1
15.222,-4.8909,1
16.124,0.31889,1
8.0389,-6.43,1
-3.3193,-3.9596,1
7.0302,5.9459,1
-12.549,2.3022,1
14.778,-7.0526,1
-5.4431,-1.6507,1
0.36159,14.491,1
-9.9212,-6.134,1
6.1323,-8.2078,1
-4.6825,-10.011,1
-5.0817,-9.8037,1
15.174,-6.1159,1
11.182,-12.098,1
-11.656,-2.0194,1
-6.0668,1.0989,1
3.1953,-9.9173,1
4.5486,-9.4628,1
-10.565,-4.526,1
4.0935,7.5047,1
9.1289,11.911,1
8.0583,-14.677,1
12.145,9.8309,1
3.4741,7.8828,1
-10.316,8.6769,1
9.3677,1.2202,1
2.3042,14.397,1
-10.55,7.3569,1
9.4285,2.1378,1
15.614,-3.4789,1
-6.9958,12.139,1
-12.045,3.7641,1
-12.132,1.4538,1
-2.7456,-10.864,1
-5.6396,-1.2789,1
7.8071,-6.6607,1
3.3398,13.996,1
-4.7312,5.234,1
14.531,5.9116,1
-5.9036,12.31,1
-5.2497,-2.078,1
11.452,10.281,1
-0.86231,-10.813,1
-6.8019,11.868,1
-9.3658,-6.9754,1
-12.064,4.6483,1
7.6432,-15.076,1
2.6134,-10.096,1
-0.50819,-4.4306,1
-12.154,-1.9159,1
-2.392,7.1732,1
-8.6808,10.27,1
13.165,8.2863,1
7.2095,-14.905,1
5.4974,14.012,1
14.889,4.9691,1
0.35371,-10.604,1
15.71,1.7457,1
9.2136,-3.5822,1
1.396,8.1721,1
-12.149,-1.57,1
-4.1054,-3.1636,1
14.103,6.8288,1
5.0309,-9.0372,1
-5.7337,12.379,1
0.99073,14.568,1
-11.908,4.4359,1
-3.227,6.7618,1
6.8834,-7.432,1
6.6665,13.368,1
-0.57107,8.0007,1
7.6872,-15.019,1
10.665,-12.856,1
-11.459,5.9155,1
-6.7491,12.031,1
14.116,6.6502,1
9.184,-3.8141,1
1.1293,14.335,1
-11.44,5.8926,1
0.92727,-10.554,1
-11.108,6.7105,1
14.77,-7.3597,1
-10.862,-4.5278,1
-1.8087,7.5872,1
0.098788,14.59,1
-9.3912,-6.9082,1
15.812,0.17539,1
6.6859,13.181,1
-4.9804,-2.225,1
14.63,-7.3667,1
15.781,0.83402,1
15.061,4.9433,1
4.0036,14.04,1
9.6824,0.88772,1
-7.626,-8.7393,1
4.4308,14.134,1
15.916,-1.3881,1
2.0426,7.9786,1
1.1182,8.0035,1
3.8783,14.191,1
1.565,7.9539,1
12.552,-10.695,1
15.277,3.8175,1
13.285,-9.8383,1
-11.643,5.7395,1
12.334,9.2969,1
-5.1894,-1.8406,1
8.7366,3.2639,1
12.055,-11.183,1
-5.6611,3.5497,1
1.4659,14.629,1
15.725,-2.1679,1
-12.122,3.4772,1
9.1487,2.3512,1
-10.481,-5.0379,1
13.458,7.4235,1
-6.1837,12.271,1
7.2432,-7.1437,1
5.1561,14.022,1
13.873,6.6716,1
13.911,7.1489,1
15.799,-0.90454,1
8.8013,-14.284,1
8.2714,-5.8628,1
-1.2695,-10.583,1
-12.195,-0.064213,1
-2.9847,-4.1441,1
-12.259,3.576,1
-4.5607,-2.7011,1
-8.752,10.215,1
9.3245,-13.618,1
1.0799,-10.426,1
6.0002,-8.4412,1
11.901,9.6033,1
4.1469,7.8229,1
13.152,8.4284,1
13.04,8.3277,1
12.381,9.3318,1
-10.78,7.2933,1
9.5481,-1.4968,1
-3.4958,13.799,1
11.931,9.707,1
-3.3089,-3.8251,1
-5.8572,2.4275,1
12.841,8.7875,1
7.9638,12.77,1
-12.046,-1.51,1
9.6679,-2.4653,1
2.5435,7.9272,1
0.32705,-10.655,1
-5.4917,-0.93686,1
-3.8159,-10.239,1
14.801,-6.2946,1
-11.406,5.643,1
-0.31525,8.021,1
-2.8536,-4.2391,1
12.218,9.455,1
-4.9408,-2.4594,1
-3.1689,-10.54,1
-1.2354,14.105,1
2.4541,14.207,1
-12.24,-0.24194,1
-9.7303,8.9627,1
9.686,-13.156,1
-3.0198,13.582,1
-6.7606,-9.1134,1
4.8404,-9.3405,1
-10.229,-5.5885,1
-2.238,14.188,1
-3.3804,6.4683,1
4.2063,14.296,1
-3.324,6.7862,1
15.98,-2.1859,1
16.151,-1.0298,1
13.336,-9.3636,1
2.7278,-10.153,1
8.1719,-5.4952,1
12.729,8.6957,1
8.2755,4.6111,1
14.477,5.9109,1
6.3186,13.318,1
14.609,5.4291,1
11.202,-12.548,1
3.3897,-10.223,1
2.8513,14.404,1
12.488,8.8859,1
-5.7702,3.8154,1
-7.1803,11.825,1
-10.357,8.5412,1
6.4542,13.411,1
-2.3507,13.941,1
-10.686,-5.4954,1
15.645,-4.242,1
5.9634,13.297,1
6.465,-8.191,1
3.5441,14.012,1
8.8004,12.221,1
-8.5554,10.084,1
3.8999,-9.6171,1
-4.1565,-10.275,1
-1.5927,-10.946,1
-10.037,-5.4121,1
2.2118,8.1519,1
15.705,-4.473,1
4.9895,7.2947,1
-1.6407,13.938,1
-3.0272,-10.783,1
12.422,8.8503,1
8.0238,-5.743,1
8.2138,3.861,1
-11.588,-3.4236,1
-12.355,-0.32317,1
-7.6029,-8.3119,1
16.014,-1.2071,1
15.726,-2.6965,1
-11.304,-4.0682,1
-5.9564,2.8405,1
7.7917,12.998,1
12.207,9.3335,1
12.494,-10.687,1
-12.208,-0.17693,1
0.75845,-4.3015,1
15.545,2.7399,1
7.7834,-6.2102,1
-4.8273,-2.4879,1
5.5127,-8.9091,1
0.74439,14.567,1
14.55,-6.8004,1
9.2167,11.903,1
-5.5325,3.2289,1
8.3515,-5.7191,1
-12.403,3.1009,1
-1.825,14.27,1
4.403,13.796,1
13.853,-8.8351,1
7.0456,-15.379,1
12.996,8.295,1
-5.9904,-9.3148,1
-11.224,-3.5721,1
5.5188,14.052,1
-12.145,-1.4863,1
-8.9977,9.7291,1
8.2255,-14.357,1
12.784,8.8906,1
-1.1822,-10.827,1
-12.337,3.5815,1
-0.19057,14.494,1
14.77,-7.3789,1
1.4391,-3.7164,1
-0.67943,-4.6298,1
3.7213,-9.8875,1
-12.197,1.4382,1
-6.5224,11.847,1
-11.946,3.5906,1
5.8517,-8.6081,1
2.457,-10.343,1
1.8416,14.359,1
-1.2479,14.288,1
7.313,5.5239,1
3.6357,14.025,1
7.3042,-7.5622,1
-6.8357,-8.8745,1
-1.9649,-4.3045,1
-5.8675,2.7951,1
-3.085,13.792,1
-11.004,-4.6486,1
-4.5858,-10.097,1
-11.577,6.17,1
-10.033,-5.9365,1
6.0815,-15.578,1
-1.805,14.24,1
14.777,5.4682,1
-5.5345,12.851,1
12.001,9.7361,1
-8.8151,-7.361,1
-0.97622,14.323,1
9.5176,-2.8936,1
-5.1046,-9.9209,1
1.5414,8.1775,1
-9.1388,9.859,1
6.6775,13.554,1
-11.79,-2.1889,1
13.907,7.3689,1
1.8353,-3.9423,1
-8.4719,10.5,1
9.6043,-0.89123,1
16.089,-1.8286,1
1.1141,8.3401,1
15.256,3.8197,1
15.487,3.2365,1
15.345,2.6884,1
15.704,-2.0394,1
9.4379,0.30476,1
4.8498,13.983,1
8.1581,4.1695,1
1.8217,14.373,1
1.0364,14.662,1
-1.0859,7.7114,1
9.786,-2.7077,1
1.8747,-10.593,1
14.874,5.501,1
5.7709,-8.4701,1
5.3825,13.902,1
-4.1417,13.464,1
4.3779,-9.4267,1
11.348,-11.89,1
7.4139,12.739,1
-9.9303,-6.4936,1
-11.874,3.6067,1
2.8933,8.2488,1
-2.1082,7.2524,1
-11.419,-3.7752,1
8.1129,4.2315,1
9.0156,-13.853,1
-0.65334,7.7908,1
-5.9131,3.5291,1
1.5233,14.62,1
9.0736,-3.7587,1
6.5865,13.62,1
13.419,7.8843,1
16.123,-0.48166,1
13.286,-9.1277,1
-7.3487,11.135,1
-8.0652,-8.0357,1
-12.55,0.24845,1
-4.3826,13.043,1
15.266,3.6327,1
15.309,3.1364,1
7.0473,13.231,1
-7.4971,-8.619,1
-11.164,6.1069,1
-5.2425,-2.0639,1
12.903,-10.243,1
6.738,6.1778,1
-3.0648,6.5618,1
15.08,4.0793,1
-4.5438,13.363,1
4.108,7.8762,1
8.3108,-6.2503,1
12.17,9.6478,1
8.6856,3.2042,1
-9.7227,9.4122,1
-11.567,5.0444,1
4.782,-9.1522,1
15.931,-1.3181,1
3.99,-9.6154,1
15.849,-2.2675,1
15.45,-5.1925,1
-5.9946,-9.3426,1
10.932,-12.565,1
15.794,-0.0085165,1
12.633,8.8669,1
2.4905,8.0214,1
13.905,6.8487,1
8.5921,4.0048,1
15.407,3.6645,1
-12.081,4.5722,1
-4.5176,-2.5218,1
-12.056,4.0364,1
2.3698,14.479,1
-3.7274,-3.5222,1
-3.5673,6.2048,1
13.307,-9.7884,1
3.8714,-9.6249,1
-8.0599,11.055,1
-11.312,6.9907,1
9.2,-4.4049,1
9.7369,0.41124,1
7.5528,-14.92,1
-4.8249,13.321,1
-0.27074,14.478,1
9.6619,-0.44541,1
9.4531,-13.35,1
15.154,4.3553,1
2.8076,-10.342,1
2.9605,7.9727,1
3.622,-10.154,1
11.72,-11.717,1
8.3585,4.0723,1
12.878,8.478,1
8.7949,-4.4615,1
15.861,-0.99834,1
6.9073,-7.4751,1
-8.9299,9.8781,1
6.591,13.35,1
-8.0435,10.783,1
13.756,-8.4864,1
10.234,-12.883,1
-5.2465,4.9767,1
15.606,-2.9628,1
-8.4929,10.856,1
12.085,9.6481,1
-11.819,5,1
8.8974,-4.1009,1
15.955,-0.89335,1
8.04,-6.3491,1
-7.8804,11.321,1
8.5501,-14.282,1
15.947,-0.72548,1
5.8611,6.4555,1
-12.44,-0.43454,1
1.9313,7.9835,1
9.1888,1.5032,1
-3.7483,13.268,1
-10.254,8.2482,1
6.64,-15.567,1
-11.683,4.4003,1
15.346,4.2204,1
-12.251,3.5536,1
5.6364,-8.5023,1
5.6865,7.0864,1
-5.3638,-1.954,1
10.796,10.601,1
15.88,1.9862,1
12.803,-10.282,1
10.305,-12.97,1
6.8264,-15.262,1
9.0583,12.312,1
-4.0617,13.484,1
-9.9421,8.8541,1
9.3833,-13.644,1
-9.2896,9.3149,1
-8.8145,-7.467,1
2.0342,14.419,1
14.628,5.4814,1
6.9439,13.417,1
-6.2363,12.3,1
4.6227,-9.1935,1
-0.34648,-10.74,1
5.7112,7.0078,1
9.6694,-13.318,1
-0.016181,14.389,1
8.6385,-5.5316,1
-1.3544,14.388,1
-12.386,-0.5928,1
6.5519,13.58,1
-8.563,-7.4524,1
-6.0256,1.0863,1
5.6895,13.695,1
-2.71,-10.353,1
9.6963,-2.6107,1
6.9582,5.6832,1
8.1616,12.775,1
-0.12066,-10.985,1
-2.9149,-4.0632,1
-10.826,7.6722,1
-5.9297,12.448,1
-12.053,-0.89002,1
-5.4008,4.0184,1
7.1705,-7.1997,1
2.2524,7.9937,1
10.928,-12.808,1
14.937,4.4942,1
15.396,-4.1973,1
7.5049,13.252,1
11.464,10.259,1
1.6314,8.0059,1
14.098,-8.1444,1
-5.2115,13.066,1
-7.5508,11.618,1
2.5716,-10.413,1
-3.1293,7.0132,1
9.752,-1.0514,1
-10.754,-4.2947,1
3.2217,14.342,1
-11.128,7.2226,1
4.7402,7.0834,1
-3.1181,6.9998,1
-8.8092,-7.365,1
10.631,-12.506,1
8.8135,-14.297,1
5.2221,13.832,1
-8.6041,-7.7918,1
-0.44446,8.1998,1
-5.3091,12.904,1
-5.6354,-9.6109,1
14.144,-7.9055,1
-5.7523,-0.57416,1
-1.2796,7.5392,1
-1.4298,14.008,1
11.6,10.08,1
2.823,-3.0076,1
9.8133,-0.47562,1
-3.3344,-10.63,1
-2.717,7.3974,1
-2.1676,-10.793,1
2.0399,8.0111,1
14.58,6.3916,1
15.277,-5.1915,1
-1.9213,-10.677,1
-5.27,-2.4394,1
9.8044,-1.9309,1
-11.315,6.6477,1
8.0992,12.498,1
1.1409,-10.622,1
15.101,-6.6825,1
-8.1431,10.856,1
9.9788,-13.244,1
14.713,-6.6745,1
-10.739,-4.4611,1
14.605,-7.9218,1
7.2157,5.3682,1
9.2062,2.7656,1
9.6827,1.5721,1
9.4915,-2.9037,1
6.6927,6.1468,1
-0.44963,-4.3589,1
9.3846,-13.877,1
-4.5482,-2.7263,1
14.053,6.6963,1
-12.512,0.17702,1
-4.0615,13.187,1
1.5379,14.245,1
-3.0268,-10.637,1
10.687,-12.535,1
8.6919,3.6053,1
11.926,-11.682,1
-2.2452,14.162,1
15.447,-4.5513,1
-10.042,-6.0584,1
-11.591,5.6629,1
6.0253,6.2605,1
1.7834,14.269,1
-9.9391,-6.3108,1
7.4705,-14.714,1
14.849,-6.6561,1
14.342,6.2792,1
-0.55832,-4.4899,1
-11.142,-3.8802,1
12.178,9.4861,1
6.6142,6.3322,1
8.1461,4.4414,1
1.6711,-10.322,1
14.699,5.8106,1
5.6815,6.9473,1
-9.8973,-6.453,1
-5.2139,13.012,1
-12.374,1.7338,1
15.898,-4.093,1
9.2868,-3.635,1
-12.201,3.0332,1
3.0987,-10.164,1
-9.5663,-6.5189,1
9.4854,12.031,1
13.585,7.0751,1
-3.0419,7.0401,1
-5.3041,-9.9777,1
-5.728,3.1356,1
-9.3243,-6.9783,1
12.384,-11.215,1
-10.788,-4.8968,1
4.4869,7.6382,1
2.5662,8.1247,1
-4.5045,5.5946,1
14.788,5.5488,1
-1.8716,14.054,1
9.799,11.671,1
12.824,9.047,1
15.391,-4.1827,1
14.067,-8.4094,1
-12.202,-0.87568,1
1.3063,-10.596,1
9.8912,-0.24264,1
7.8863,-6.6844,1
7.1689,-7.5484,1
1.413,14.25,1
-4.532,5.6104,1
-9.3114,9.4152,1
15.927,-0.92231,1
-12.333,-0.23421,1
-4.8997,-10.068,1
15.446,-3.6782,1
9.6123,-3.1358,1
10.711,11.017,1
-6.1677,0.55207,1
-12.323,1.5127,1
-5.835,3.5529,1
7.97,-6.1839,1
15.025,-6.3836,1
7.3308,5.2655,1
9.397,1.593,1
-12.115,0.16385,1
13.486,7.9161,1
7.6728,-6.8829,1
-4.3746,13.118,1
-0.65386,14.483,1
15.569,-5.083,1
5.0906,14.085,1
-3.8612,6.2436,1
2.0825,-10.474,1
-11.849,3.9621,1
1.1786,-4.1226,1
-2.7384,-4.3946,1
13.129,-9.4398,1
-9.2693,-6.9292,1
4.1593,7.4127,1
9.0848,-14.046,1
12.384,-4.1355,2
-7.8223,14.801,2
5.8452,2.0551,2
0.7708,-14.082,2
-9.4424,0.725,2
-9.5613,-11.018,2
-8.5545,4.4436,2
10.597,-7.9209,2
-1.5009,10.739,2
-6.5373,15.86,2
12.172,3.4199,2
7.5255,9.0629,2
2.9355,-13.424,2
3.1442,-13.354,2
-7.0251,-4.4965,2
-7.0578,-12.419,2
10.439,-8.2569,2
5.5194,-12.494,2
12.686,1.9535,2
-8.977,-1.7773,2
-8.8693,-1.4499,2
-15.079,3.865,2
10.554,-8.1309,2
-9.2092,-0.17891,2
-4.9266,-13.324,2
7.2012,-11.529,2
-10.734,12.621,2
4.1673,-6.0557,2
12.875,-2.3866,2
9.1935,-9.4332,2
-6.3557,-12.867,2
-8.5182,-11.482,2
4.2493,11.084,2
3.865,-6.005,2
-1.7441,-7.3667,2
-14.31,7.1541,2
12.697,0.82209,2
-10.608,-9.9122,2
5.2149,-4.7216,2
-4.731,-13.543,2
5.2277,3.2045,2
-6.9354,-4.7996,2
-7.4421,6.9795,2
-14.855,-2.8835,2
-15.532,2.247,2
1.6005,-13.792,2
-7.6552,6.3905,2
-12.782,-7.4532,2
6.0958,10.481,2
-10.861,-9.7719,2
-14.45,-4.1569,2
-8.9838,2.8338,2
4.9498,-5.0563,2
-6.9422,-12.657,2
-10.096,13.344,2
6.5838,-0.80336,2
-13.965,-5.5577,2
9.8279,7.5589,2
9.5539,-9.6409,2
-8.6809,-1.3807,2
-10.912,12.023,2
6.8763,9.8417,2
11.637,4.1315,2
6.6465,-11.952,2
0.66547,-7.4461,2
-12.567,-7.8864,2
-15.671,1.1162,2
-2.8697,-7.2641,2
-4.6967,-13.047,2
-8.6061,-1.6984,2
11.605,4.6897,2
-7.9656,6.3889,2
-0.089515,-13.808,2
12.568,2.1736,2
-7.5487,-12.517,2
-8.7387,14.523,2
-7.2215,15.075,2
12.722,1.5896,2
3.6671,11.144,2
0.57278,11.157,2
6.7448,-1.9897,2
-5.9943,-13.04,2
-15.088,4.8918,2
-6.2514,-5.5323,2
-3.0483,-13.76,2
4.9022,3.5579,2
-3.5229,-13.583,2
4.9248,-12.523,2
-8.5835,4.3143,2
12.95,0.84682,2
-14.509,-3.6681,2
6.5297,-0.9248,2
-8.9477,0.35432,2
-6.2146,15.969,2
1.0936,-13.547,2
0.39457,-13.97,2
4.6146,-5.1681,2
-15.667,2.8545,2
6.2058,1.647,2
-13.603,9.1589,2
1.5993,11.362,2
12.54,-4.479,2
-15.326,3.625,2
-10.404,-9.9294,2
10.346,7.0461,2
-15.157,5.0404,2
11.982,-5.1159,2
6.8362,9.4952,2
-15.218,-0.27106,2
-1.077,4.597,2
6.2647,1.0466,2
6.8514,9.6721,2
5.7498,2.2167,2
-6.6507,15.71,2
-6.9883,-12.637,2
-2.4852,-7.4343,2
-9.131,3.656,2
8.8777,-9.803,2
3.4576,-6.1698,2
5.202,-12.89,2
-14.354,7.2989,2
10.719,-7.8335,2
-9.4413,-11.123,2
-3.6782,10.268,2
4.9758,-12.722,2
11.054,5.8585,2
-8.9714,2.533,2
-12.635,10.368,2
5.1248,-4.493,2
4.3043,-13.034,2
-9.375,2.5317,2
-7.1376,7.2013,2
-15.372,1.2561,2
-9.2611,-11.41,2
-2.622,10.305,2
-1.558,-7.4445,2
7.3274,9.5699,2
-0.94514,-13.817,2
7.8588,9.1703,2
-10.824,12.553,2
-8.746,4.3053,2
-8.2512,14.71,2
7.1091,-11.353,2
-13.876,-5.599,2
-5.9568,8.0928,2
-8.1771,15.019,2
5.9646,9.9962,2
-3.0311,10.458,2
12.494,-4.4964,2
3.3371,-13.178,2
2.5589,4.8231,2
9.2026,-9.7124,2
5.4933,-12.493,2
10.58,-7.7044,2
2.2293,-13.458,2
11.735,4.1967,2
-14.752,5.1734,2
-9.348,0.70537,2
-13.629,8.0354,2
-12.63,-7.8904,2
-15.393,-0.28726,2
-10.992,-9.6794,2
-12.96,-6.6514,2
-2.5843,-7.3377,2
-5.9672,15.926,2
-2.5551,10.601,2
-14.938,4.2674,2
-2.2089,3.7747,2
0.93049,-7.4906,2
12.311,2.2426,2
-6.6454,15.671,2
12.945,-0.89014,2
12.652,0.2237,2
3.8062,10.872,2
-9.5928,13.681,2
-3.9483,-7.0458,2
-6.8972,15.283,2
-1.0041,-13.784,2
-5.994,8.3178,2
7.3666,9.5247,2
-3.1489,-13.516,2
3.5123,-6.5591,2
-6.1868,-5.6343,2
8.5038,-10.607,2
-9.3119,2.2452,2
-15.004,-3.4556,2
-9.7128,13.268,2
-8.4402,-2.6199,2
-1.5472,10.735,2
-13.228,9.8517,2
-5.8645,8.4153,2
3.8207,10.909,2
-3.3725,-13.859,2
-8.4955,14.308,2
4.0965,4.3599,2
-5.2662,-13.241,2
6.2544,-2.5622,2
3.14,11.161,2
2.2626,-13.647,2
-8.8006,4.4671,2
11.491,-6.8004,2
-5.6687,-12.921,2
-14.896,-2.4383,2
11.43,5.0514,2
0.79124,11.217,2
1.4931,11.109,2
5.8089,-3.9316,2
4.6664,-12.72,2
5.7259,-12.074,2
12.215,-4.0083,2
0.4323,-7.4225,2
9.8016,-8.8746,2
-14.836,5.0888,2
12.673,-1.3127,2
-5.1889,-5.9994,2
-15.216,-1.9187,2
11.736,4.0019,2
2.9068,-7.0377,2
5.4515,-12.537,2
-11.245,12.032,2
1.9163,-13.417,2
-6.9668,7.5179,2
-7.8787,-3.6552,2
-6.2943,-12.594,2
-10.003,13.381,2
3.9351,10.799,2
12.722,-2.5093,2
11.776,-6.2314,2
-8.6743,4.1607,2
-8.355,14.633,2
1.8706,11.183,2
0.4943,-14.052,2
-15.392,-1.5582,2
-4.1509,-13.369,2
-8.0474,6.06,2
-15.31,2.492,2
-1.1691,-13.799,2
-15.334,2.4159,2
10.578,-8.1963,2
-14.243,-5.2515,2
12.684,-2.1638,2
-3.3498,-13.536,2
-15.223,4.1343,2
-9.7433,13.422,2
-15.384,-1.142,2
-14.498,-4.1829,2
-1.6336,10.697,2
10.822,-7.4186,2
-1.5654,10.687,2
3.9631,4.3743,2
-5.8179,16.004,2
5.4592,10.295,2
9.8375,-8.9854,2
-13.784,8.4356,2
-0.18723,-7.6987,2
-4.1179,-13.494,2
3.6608,-13.374,2
-6.8745,-5.0659,2
-6.4632,15.883,2
-6.3272,-12.832,2
6.6831,-2.1982,2
-8.7658,-11.348,2
-8.2082,-3.079,2
0.43093,-7.349,2
6.2703,1.8227,2
-5.2683,-13.027,2
0.077708,11.145,2
-7.4889,6.8248,2
-7.3944,-4.2728,2
-5.2646,-6.3691,2
12.637,1.1248,2
2.5864,-6.8135,2
10,7.2405,2
-13.89,8.6666,2
-14.232,6.9841,2
-1.6988,-13.829,2
12.875,1.0796,2
-0.75574,10.923,2
10.097,-8.6421,2
-14.073,7.5836,2
12.405,-3.7412,2
2.5504,-7.0959,2
8.6103,-10.243,2
-14.349,-3.8852,2
-6.8269,7.2713,2
-5.2523,9.172,2
-12.862,-6.9797,2
-10.875,12.479,2
-0.58659,-13.896,2
6.0239,-3.9027,2
10.372,6.5482,2
4.7836,-5.3928,2
9.0841,8.0456,2
-15.674,2.1673,2
5.5678,-12.201,2
8.8314,8.2824,2
5.6466,-4.3626,2
3.8632,-6.0163,2
3.8066,-13.273,2
-1.9679,11.007,2
-9.5452,-10.736,2
-3.5774,-13.864,2
-9.3722,13.657,2
12.341,3.0286,2
2.526,-7.1258,2
3.8276,-13.19,2
-14.383,-5.0351,2
-11.151,-9.4932,2
12.29,-3.7937,2
6.0544,-12.426,2
3.7876,4.3841,2
3.5874,-6.242,2
10.399,-8.2782,2
11.228,5.2133,2
-6.9218,7.2441,2
-9.0046,-1.0117,2
3.7076,4.5109,2
-15.299,-0.087913,2
-14.433,-4.1802,2
12.403,-3.9016,2
-8.9636,14.147,2
-0.6029,11.152,2
12.31,-5.34,2
-11.819,-8.7994,2
-5.983,8.6917,2
9.1258,-9.7488,2
4.5019,11.033,2
8.2634,8.9973,2
-5.86,-13.052,2
-2.2672,10.506,2
8.9416,8.4686,2
12.508,1.5822,2
-0.082525,11.447,2
11.604,-5.989,2
7.5773,9.1703,2
-9.2018,-0.7743,2
11.037,-7.2006,2
-3.0688,10.574,2
0.27146,11.311,2
12.851,-2.0468,2
-1.1188,11.266,2
-8.9886,0.35933,2
-0.74133,11.199,2
-15.65,0.79623,2
-4.2735,9.6935,2
-15.096,-1.1804,2
-15.598,-0.4415,2
9.2337,8.0223,2
6.1549,9.9137,2
-3.7712,9.832,2
-14.864,-3.23,2
-8.2426,-11.745,2
-14.655,7.0411,2
-14.52,6.5861,2
-8.7353,4.4786,2
-8.5704,-2.1096,2
-0.54451,11.304,2
4.5676,-5.5979,2
4.1061,11.108,2
-5.4957,8.9432,2
-12.014,10.711,2
2.4587,11.344,2
-1.7799,-14.007,2
-8.9882,14.477,2
2.9967,-13.371,2
-8.2181,-12.05,2
-15.454,3.721,2
-5.1576,-13.245,2
-15.24,3.0583,2
-4.506,-13.565,2
3.8772,-5.9783,2
-5.9302,-5.9404,2
-3.9394,-13.363,2
12.396,2.8986,2
-8.9339,-0.42557,2
12.631,1.9831,2
2.8274,-7.0481,2
4.1265,11.072,2
-7.1178,7.5759,2
12.047,3.4911,2
11.273,4.9338,2
-7.6601,-4.0288,2
-1.4933,3.8556,2
-1.3202,-14.021,2
-2.6069,-13.969,2
-8.6892,-11.654,2
5.483,2.8267,2
-1.2233,4.4201,2
0.5809,-13.714,2
12.605,-1.3387,2
-3.3647,-13.539,2
10.761,-7.2518,2
-2.1654,10.803,2
9.1736,-9.7236,2
5.8576,-12.207,2
9.1966,-9.6498,2
1.4114,11.078,2
-13.807,-6.1182,2
-9.058,14.072,2
-1.6417,10.796,2
-13.15,9.0676,2
-7.9658,6.2892,2
12.461,-3.2748,2
4.3922,-13.088,2
-15.093,-2.6947,2
-10.797,12.576,2
7.788,-11.061,2
2.3201,5.1658,2
4.825,-5.0311,2
-12.71,10.115,2
-8.7392,3.3858,2
6.0082,10.066,2
8.1884,-10.564,2
9.1877,7.8643,2
8.4136,-10.607,2
-11.101,-9.4504,2
-14.983,-3.059,2
12.517,-2.9939,2
-5.7556,-5.996,2
-7.5619,-4.3587,2
12.164,-4.6695,2
-9.556,13.432,2
-0.84022,11.04,2
-9.8171,13.534,2
-14.742,-3.6491,2
-15.233,-0.179,2
-10.138,13.084,2
-15.181,-1.3758,2
4.0094,-5.925,2
4.7195,-13.101,2
2.5006,-13.449,2
-2.0855,10.643,2
3.5523,-6.4478,2
4.0069,10.811,2
-10.229,13.217,2
0.44163,-13.718,2
-7.7299,6.4537,2
-6.8206,15.513,2
-7.8208,-3.7865,2
4.3446,-12.911,2
3.7894,-6.0769,2
12.453,-4.0258,2
-3.5826,10.479,2
5.8877,2.047,2
-7.3976,15.232,2
-6.783,7.254,2
-13.647,8.978,2
-15.265,2.7543,2
-9.4069,0.74766,2
-13.419,8.7288,2
-12.211,-8.2494,2
8.2347,8.8754,2
-2.694,-13.868,2
12.738,-0.62913,2
-13.479,9.2607,2
10.833,-7.6307,2
12.729,-1.8592,2
-8.898,3.2959,2
-9.3641,13.918,2
5.3541,10.447,2
8.8051,8.4498,2
-13.415,9.0484,2
12.527,2.7746,2
-15.058,4.4563,2
-6.0736,-13.121,2
-15.511,1.3934,2
-15.266,4.5996,2
-1.2444,4.4009,2
-14.418,-4.2231,2
-6.0603,-5.7727,2
-13.068,9.929,2
-14.51,6.7898,2
12.953,-2.2481,2
12.318,-4.9382,2
9.678,-9.1519,2
1.2208,-7.4613,2
12.47,-4.0873,2
-7.5413,-3.8878,2
-1.9249,-14.061,2
-14.438,-4.636,2
9.1157,8.3854,2
-14.87,-2.6005,2
-6.2378,-5.3207,2
1.8831,-6.9515,2
-15.038,-1.4146,2
-15.411,2.3525,2
-2.4796,-13.991,2
-7.9458,-12.186,2
-11.326,12.101,2
12.929,-0.645,2
5.861,-12.108,2
0.7906,-7.7051,2
-14.577,6.4149,2
13.057,0.22044,2
7.0266,9.605,2
0.4369,-7.2919,2
-3.1215,-7.3919,2
3.5123,10.86,2
-15.709,1.5067,2
12.608,1.3795,2
3.2886,-13.094,2
-3.6919,-6.8464,2
-0.97936,4.4067,2
12.45,3.1695,2
-2.1717,3.4145,2
-15.333,4.4409,2
-15.324,3.2231,2
-0.50446,4.7653,2
-6.3912,8.2963,2
2.533,-6.772,2
10.991,6.2709,2
-6.0606,-12.875,2
6.1373,-12.359,2
-10.95,-9.3789,2
-8.9079,-1.6961,2
5.6754,10.403,2
0.92412,-7.4956,2
-15.469,-1.0273,2
-1.9154,4.0538,2
-9.0156,1.2051,2
-9.0807,3.9816,2
12.755,2.135,2
-12.039,-8.4529,2
-15.443,-1.8854,2
3.7141,11.023,2
-8.9258,-0.56713,2
-6.1029,-12.591,2
-6.7228,15.807,2
-15.618,3.037,2
-11.936,11.256,2
-15.556,-1.0057,2
-1.6544,4.3714,2
-13.708,9.006,2
-7.3623,-4.475,2
-10.784,12.432,2
-9.3015,2.7908,2
3.9827,4.1556,2
-15.145,3.6188,2
-10.53,-10.328,2
9.8207,7.3927,2
12.288,-3.9836,2
12.357,-4.5962,2
-11.652,12.075,2
-10.604,-9.9734,2
-9.3894,2.7763,2
-12.106,-8.5736,2
-10.888,-9.808,2
-11.041,-9.6533,2
13.002,0.83022,2
-9.8832,-10.688,2
-5.7693,8.5929,2
-7.7805,5.9302,2
-10.401,13.265,2
-7.4672,-12.489,2
-6.561,-12.487,2
-4.881,-6.3158,2
-8.3116,-11.767,2
12.338,3.6404,2
-6.5536,8.2107,2
-6.6965,7.8013,2
4.0614,-5.9849,2
2.3033,-7.14,2
0.36549,-13.771,2
4.9686,3.5219,2
-2.3232,10.668,2
-15.616,2.4426,2
-6.0278,16.252,2
-13.889,-5.5674,2
-1.8673,-7.3798,2
-4.9507,-6.3023,2
-15.168,4.315,2
-8.9985,4.0135,2
-1.4637,-13.945,2
6.1321,10,2
-9.238,1.3853,2
-15.325,-1.8316,2
-6.9029,7.2374,2
-13.997,8.0301,2
7.47,-11.293,2
-3.7291,-7.017,2
5.8674,10.147,2
-2.2984,10.524,2
3.1579,11.201,2
2.3523,-7.2703,2
-11.416,11.512,2
-8.6436,-2.4494,2
0.81569,-7.347,2
-3.5449,-13.608,2
-2.6288,-7.5061,2
-15.067,3.978,2
-13.687,-5.9686,2
-4.4715,9.6363,2
5.5176,-4.0382,2
10.423,7.0669,2
-9.7774,-10.594,2
-2.9527,-7.3218,2
-12.921,9.7299,2
-9.4801,-10.773,2
-8.936,3.7283,2
-3.293,-13.901,2
-12.535,-7.891,2
12.413,2.1247,2
7.1113,-11.518,2
1.4255,-7.5302,2
-14.904,-2.4562,2
0.029412,-7.4954,2
-14.911,-2.7997,2
5.2828,-4.8188,2
-6.9521,7.0917,2
-8.9837,-0.81703,2
-4.5297,-13.403,2
-6.7269,7.8495,2
-15.692,1.0546,2
6.1904,-2.998,2
4.5734,-12.998,2
-7.7704,6.401,2
10.364,-8.7916,2
-10.154,-10.487,2
-9.0131,0.17756,2
-8.9867,-0.68946,2
-1.2824,10.697,2
-15.023,4.5291,2
-15.066,-3.0872,2
-9.1665,14.088,2
4.0359,-5.9804,2
-13.14,9.6279,2
-0.84095,4.6264,2
-14.964,-2.0889,2
5.6605,-4.0186,2
-6.472,-5.0758,2
-3.5438,-7.0201,2
-8.6738,14.348,2
11.595,4.8629,2
10.514,6.5308,2
-9.1634,3.0326,2
-14.17,7.9432,2
-12.516,-8.0036,2
-7.7902,14.78,2
-8.9803,1.2716,2
-14.739,6.0323,2
2.498,-6.9824,2
-9.3716,2.4226,2
-15.275,-2.0998,2
4.0057,-6.1549,2
11.56,-6.0264,2
11.207,-7.0839,2
-8.3473,-2.3353,2
6.5656,-1.6716,2
-13.102,-6.6348,2
-2.5871,-13.711,2
0.74534,-13.949,2
-4.084,-13.555,2
12.612,-4.0953,2
9.0029,8.2066,2
1.4034,-13.51,2
-2.9178,10.271,2
-11.662,11.486,2
-13.966,8.1065,2
9.1803,-9.7133,2
9.9007,7.2981,2
-9.1096,0.68814,2
9.7057,-9.4253,2
9.0449,-9.7434,2
4.271,10.967,2
-8.8859,-1.3756,2
3.8516,10.974,2
-9.0347,-0.12485,2
-7.7993,6.2033,2
10.576,6.4121,2
-8.0098,14.605,2
-15.015,3.9223,2
10.176,-8.6841,2
12.324,2.5817,2
-0.79728,-14.087,2
2.603,-13.454,2
6.8311,-11.715,2
6.5269,-2.495,2
12.684,1.3052,2
-7.383,15.024,2
0.16715,4.9401,2
-10.353,13.368,2
-15.554,1.2484,2
12.655,2.017,2
-15.306,-1.5282,2
-15.634,-0.13886,2
0.47916,-13.732,2
-5.1889,-6.5349,2
6.9374,9.5161,2
11.977,4.2318,2
-8.9832,-0.49649,2
9.9372,7.4916,2
12.613,-3.8917,2
-10.665,12.222,2
8.4471,8.4505,2
9.7553,-9.3424,2
12.426,-3.2783,2
-12.915,-6.7813,2
-9.136,-1.24,2
-15.599,0.070181,2
-8.4504,-11.666,2
-12.558,10.029,2
-1.649,10.928,2
12.446,-4.1163,2
-9.396,13.824,2
-12.287,-8.1903,2
-5.7846,8.6077,2
-1.1074,-13.726,2
-0.043825,11.311,2
-13.24,-6.8667,2
-7.0083,-12.691,2
-6.1072,-5.7667,2
1.3573,11.348,2
-6.7473,-12.656,2
-7.5363,-11.98,2
-4.5977,-6.6497,2
-8.5038,-11.733,2
-12.044,-8.8811,2
12.551,2.6624,2
12.677,-0.060033,2
-14.849,-3.7455,2
-0.66345,10.951,2
6.3898,9.8585,2
6.5451,-2.5907,2
10.854,5.66,2
-13.733,8.6324,2
12.243,2.8595,2
-8.2988,-2.8225,2
-15.581,2.5294,2
0.21813,-7.506,2
-14.267,7.2157,2
-14.241,-5.279,2
11.057,-7.4433,2
2.9188,11.071,2
-9.1871,13.868,2
-15.315,-2.0131,2
-7.2148,7.195,2
5.4611,-4.7727,2
-9.131,3.5001,2
-1.2691,-7.6651,2
-12.724,-7.9591,2
11.908,-5.5754,2
-7.5308,15.027,2
1.8189,-13.549,2
-13.248,9.2367,2
5.7171,-4.1239,2
-3.545,10.259,2
0.011463,-14.119,2
-6.3284,-12.782,2
5.0901,-12.478,2
6.2651,10.294,2
5.7205,2.6664,2
8.1035,-10.699,2
11.219,5.3961,2
-4.344,9.9213,2
8.6789,-10.387,2
-2.1363,-13.966,2
9.2519,-9.8773,2
-9.04,14.104,2
-5.3152,16.302,2
6.0912,10.261,2
3.9839,-12.945,2
12.63,-2.9836,2
-10.109,-10.426,2
-12.556,-7.9866,2
-13.703,-5.8578,2
-14.86,-3.5768,2
-3.746,-6.9568,2
12.169,3.5273,2
9.6813,-9.4149,2
-5.224,9.0523,2
-13.135,-7.4414,2
-10.277,-10.492,2
12.354,2.7727,2
-11.488,11.912,2
7.5795,-11.338,2
-7.9987,-3.1049,2
0.72921,-13.93,2
-14.751,5.3677,2
11.592,-5.7833,2
-15.339,4.1516,2
-15.287,-1.6884,2
-9.2363,-0.49924,2
-14.085,7.5118,2
-1.4535,-7.7631,2
-5.9417,16.1,2
-13.518,8.374,2
-4.4641,9.683,2
-15.673,0.38804,2
-6.1072,-5.6313,2
11.283,-7.0595,2
-9.2262,0.69199,2
0.63278,-13.649,2
-15.439,1.3697,2
2.2918,-13.447,2
5.5551,-3.8856,2
-0.3878,4.9857,2
-5.1388,-13.026,2
-8.5315,5.1153,2
11.692,4.992,2
-14.571,5.9588,2
-0.59665,11.205,2
6.1498,10.1,2
-0.75694,-13.717,2
12.752,1.6046,2
-8.8632,2.8656,2
-15.321,1.0508,2
7.8478,8.9356,2
11.477,-6.4109,2
-6.5592,-5.2432,2
8.4735,8.825,2
-4.1194,10.01,2
1.4033,11.456,2
12.762,0.53124,2
-7.0522,-4.6101,2
-7.8411,14.696,2
-14.193,-4.5443,2
-6.2293,-12.624,2
2.8491,11.22,2
-12.167,11.514,2
12.093,-4.5875,2
-11.622,-9.0454,2
-1.1134,10.834,2
-9.0609,-0.42617,2
-11.977,11.07,2
4.5244,-13.071,2
-14.634,-3.6583,2
-1.9011,-14.056,2
-5.1843,8.9387,2
9.858,-8.9362,2
-0.86014,-7.5577,2
11.384,-6.4388,2
-8.579,-2.2556,2
-2.6325,-13.628,2
4.7941,-5.1897,2
3.5035,10.993,2
9.6826,-9.0539,2
-12.463,-7.7533,2
4.6244,-5.8495,2
-15.301,4.0688,2
-14.019,7.7092,2
-10.794,12.94,2
2.829,4.5236,2
2.5521,11.366,2
-8.7444,14.246,2
-13.073,10.063,2
-9.4188,13.828,2
-14.525,-3.7271,2
0.73454,5.2652,2
4.4779,3.6257,2
2.4647,-6.9039,2
3.5388,10.973,2
-15.319,0.83591,2
-13.044,-6.9541,2
-2.723,10.744,2
-15.409,3.8864,2
-12.299,-8.585,2
8.8923,-10.173,2
-8.2882,5.4202,2
-9.6137,-10.867,2
-15.27,2.5781,2
1.46,-13.938,2
8.8796,8.3979,2
-9.2525,-11.377,2
11.228,-6.5594,2
0.59402,11.098,2
-3.081,-13.689,2
-6.6251,-5.0475,2
-5.9726,-12.769,2
-11.852,-9.1329,2
-8.2777,-2.9447,2
-15.209,-0.71036,2
2.7079,-6.9245,2
3.7587,4.2214,2
-15.274,2.4206,2
-7.8289,14.926,2
-6.3901,7.8848,2
-15.569,-0.98794,2
6.3221,0.70989,2
-14.039,-5.5044,2
1.3024,11.311,2
7.0816,9.6233,2
-9.4579,1.0962,2
-3.4694,-6.9791,2
-6.9311,-4.7311,2
-14.43,-3.7141,2
8.9775,8.4997,2
3.6128,11.167,2
-9.2029,2.9378,2
1.5545,11.175,2
-14.79,-2.9877,2
3.2404,-13.186,2
-8.3671,14.71,2
-14.105,-4.7762,2
-8.129,5.9677,2
-5.7518,16.152,2
3.0712,-6.532,2
4.2101,-5.6485,2
-11.188,12.004,2
-12.519,-7.6301,2
10.287,6.9271,2
6.6592,-0.1425,2
-5.1064,-12.99,2
-7.5375,7.0068,2
9.6048,-9.067,2
0.31187,-7.5287,2
4.2287,10.677,2
-9.6163,-10.893,2
4.8798,-4.7598,2
11.726,4.0626,2
-6.3999,7.9315,2
11.581,5.1655,2
12.189,4.096,2
-11.187,-9.538,2
6.4449,-0.24632,2
10.706,6.3091,2
-7.9848,-11.756,2
8.4403,8.4567,2
-3.9205,-7.1502,2
5.2676,2.7567,2
-12.799,10.147,2
-9.3182,14.19,2
-8.7733,4.5677,2
10.455,-8.2005,2
12.616,-0.4015,2
-8.5099,5.1903,2
12.829,1.697,2
-14.551,6.3483,2
2.2464,-7.0239,2
-14.513,-4.4016,2
10.087,7.26,2
-2.5489,-7.411,2
-12.863,10.025,2
-11.661,-8.7367,2
-7.3824,15.403,2
-10.798,12.316,2
7.5076,9.3412,2
9.0985,-10.119,2
0.57123,-7.4615,2
10.746,-8.0855,2
-1.1546,11.217,2
-7.5698,15.129,2
-1.5306,-13.711,2
-5.3738,-13.151,2
4.8536,-12.554,2
11.225,4.8187,2
-9.7142,13.678,2
11.605,4.5556,2
-12.74,9.8937,2
-8.7136,-11.861,2
-1.2791,-13.664,2
11.586,4.4993,2
-3.6404,9.9007,2
6.5821,9.8856,2
-8.5883,-2.466,2
12.453,-4.0444,2
-9.2014,2.6938,2
12.651,-1.4439,2
-6.8687,15.651,2
-7.4784,-12.46,2
-9.7981,13.49,2
-2.9324,-7.362,2
12.244,-4.0992,2
-15.672,-0.1774,2
11.269,-7.251,2
-0.12385,-13.971,2
-13.186,9.629,2
-2.949,-13.907,2
-10.211,12.911,2
6.6713,9.8244,2
5.7004,-12.605,2
12.286,-4.0296,2
-8.0453,-2.9184,2
-7.8915,-11.711,2
-0.91306,11.006,2
-15.542,1.1291,2
-15.17,4.3661,2
-1.085,11.101,2
5.8555,-4.049,2
-10.707,12.698,2
-15.373,0.45189,2
-10.983,-9.3933,2
-2.9517,-13.693,2
-15.459,3.1583,2
0.018247,-7.7541,2
-13.788,8.2506,2
-15.593,0.71288,2
-3.6687,-13.497,2
-8.1327,14.882,2
-15.155,3.9973,2
12.642,0.82255,2
12.508,-2.7421,2
-10.857,-9.8568,2
1.3007,11.058,2
3.2737,11.17,2
0.18658,11.31,2
3.9719,11.141,2
6.3912,9.8048,2
-14.612,7.2013,2
7.9722,-11.091,2
-10.03,-10.685,2
7.5466,9.3661,2
-7.9735,15.042,2
2.433,-13.463,2
-15.43,-1.1378,2
-9.1203,1.7179,2
1.4315,-13.833,2
-8.6275,4.3331,2
-6.3913,-5.196,2
-4.4129,10.042,2
-6.4107,15.447,2
-2.8542,-13.703,2
-15.265,4.7587,2
4.5604,-13.102,2
-6.52,15.79,2
6.3143,-2.8483,2
-12.326,10.925,2
-11.181,12.408,2
10.562,-7.6623,2
-3.5611,9.9929,2
-3.3114,-13.79,2
-15.231,2.2715,2
-15.516,-1.0645,2
8.8315,-10.331,2
12.522,-3.6087,2
-7.6368,-12.157,2
-15.449,2.428,2
-13.124,10.097,2
-9.0032,-11.249,2
11.598,-6.4523,2
6.4095,-2.2969,2
-14.798,-3.6898,2
-9.0705,3.0914,2
11.109,-7.2052,2
-3.8556,-7.1382,2
0.75153,-7.7822,2
-1.5392,11.045,2
-12.196,-7.8918,2
-6.3868,8.1304,2
1.4878,4.7967,2
7.5591,9.2427,2
-4.0281,10.031,2
6.6662,-1.1721,2
-14.894,-3.3104,2
3.2397,-6.3341,2
12.839,1.7052,2
4.3707,-5.8173,2
12.135,3.0909,2
-7.859,-3.6641,2
-8.3667,-2.6094,2
12.837,0.6124,2
8.7954,8.2631,2
0.9459,-13.845,2
5.0113,-12.657,2
8.463,8.8466,2
5.7128,10.31,2
-3.2301,10.214,2
-9.3147,-0.41428,2
-5.4353,-12.944,2
-8.3687,-11.754,2
-9.8089,13.586,2
-5.8629,16.132,2
1.9322,4.9624,2
-9.85,-10.659,2
11.737,4.3468,2
12.293,-5.0687,2
-9.2424,-11.367,2
-15.38,1.0784,2
-14.601,-3.8244,2
8.4669,-10.493,2
12.103,2.9701,2
5.4045,3.0417,2
-7.8038,6.1629,2
-14.087,-4.7262,2
-8.321,-2.2805,2
5.6625,-12.257,2
-8.5341,-2.2889,2
6.4407,-2.2161,2
5.3898,10.679,2
5.4559,-4.7764,2
-14.12,-5.3952,2
-13.636,-6.4929,2
-15.487,3.1798,2
6.5338,-0.28675,2
-15.006,5.034,2
-14.236,-4.3479,2
12.484,2.2099,2
-11.638,11.911,2
1.6471,5.2188,2
6.1025,-2.7426,2
-7.8091,6.5522,2
10.758,6.4571,2
-8.5512,14.492,2
-8.0436,-11.705,2
-8.1767,-12.141,2
12.062,-4.7189,2
-15.563,-0.72644,2
-13.215,9.3656,2
8.1637,-10.641,2
-1.3867,-14.023,2
3.1147,11.283,2
10.209,7.0715,2
3.7025,-6.3972,2
11.242,5.2091,2
-3.7267,-7.0612,2
6.1981,-3.0274,2
-15.651,1.9432,2
-5.6154,-6.3734,2
5.8258,-3.882,2
-9.0197,-11.375,2
-13.737,-5.9513,2
-7.0956,7.1797,2
-13.433,9.1987,2
2.6796,-6.5159,2
3.0022,4.8887,2
-13.895,-4.8524,2
8.8812,8.4148,2
10.615,6.1433,2
10.998,5.9166,2
-8.9957,2.4157,2
9.7121,7.5907,2
-15.501,3.5855,2
-0.29899,-14.092,2
-0.92536,-7.4267,2
2.3621,-13.454,2
-0.9263,11.091,2
-9.3878,1.7419,2
8.7192,-9.9757,2
10.274,6.2738,2
-2.1492,-13.758,2
-14.909,6.1215,2
-0.11997,-7.6879,2
-9.3732,13.67,2
-15.327,0.64879,2
10.135,7.1074,2
3.0688,-13.272,2
-8.6046,4.7453,2
0.57058,-7.4212,2
11.698,-6.1867,2
11.165,-7.6055,2
-10.784,12.682,2
-15.09,-3.0807,2
-5.6288,8.8295,2
-13.754,-5.6705,2
-8.1388,14.533,2
-8.3748,-2.6224,2
12.615,-0.70019,2
-10.43,-10.189,2
-6.3441,15.775,2
7.7874,-11.366,2
-9.2551,-0.16006,2
-2.9818,-13.903,2
-3.2165,-7.0466,2
-12.394,-8.0519,2
-9.092,14.084,2
-10.555,-9.7395,2
1.6414,11.451,2
6.508,-11.795,2
-15.245,0.66874,2
-15.216,4.3286,2
-5.885,16.124,2
-4.4295,9.651,2
-5.3236,-6.0685,2
2.0129,-7.2465,2
-13.827,-5.2244,2
-14.522,-4.0438,2
-7.6045,6.8054,2
-15.053,-3.0435,2
-12.897,-7.0717,2
4.8644,-12.864,2
10.881,5.8513,2
11.346,-7.0183,2
-6.9844,7.8158,2
-9.7892,-10.541,2
0.06794,-7.4478,2
-2.7147,2.7633,2
-7.0276,7.4607,2
0.36803,-14.124,2
-8.4824,4.6739,2
-14.376,6.5346,2
-3.2746,-7.2244,2
0.48641,-7.3469,2
7.1656,9.6152,2
-15.318,0.18313,2
-9.0359,3.0228,2
-13.876,8.5871,2
-0.45654,-13.735,2
-15.018,5.7537,2
12.988,-2.1314,2
7.2597,-11.213,2
-5.5414,-13.147,2
5.1999,3.401,2
-15.541,3.6711,2
-1.1964,-13.98,2
-2.7704,-13.915,2
4.9348,10.663,2
6.0001,-12.523,2
12.369,2.9225,2
-13.809,-5.4386,2
6.5521,9.7483,2
2.6635,-13.66,2
-15.33,-2.2753,2
4.8603,3.1699,2
3.6384,11.08,2
-0.75786,-7.8839,2
6.3453,-3.21,2
-0.081143,4.6553,2
-6.2875,8.124,2
0.62379,11.312,2
-10.546,-10.057,2
-4.0824,-13.331,2
-11.611,-8.7086,2
10.182,-8.4527,2
9.904,-8.794,2
10.273,-8.8772,2
9.2923,-9.5797,2
7.5383,-11.519,2
-13.961,7.7026,2
-14.775,6.5198,2
-3.6312,10.009,2
6.5686,-0.62278,2
-8.8321,-0.9311,2
-10.591,13.013,2
-9.8922,13.16,2
-13.628,-6.3329,2
-6.4914,7.6045,2
4.093,10.831,2
-8.4889,-11.516,2
12.652,2.536,2
-1.156,-7.7519,2
0.32657,-13.833,2
-11.276,-8.9458,2
6.3706,-2.4535,2
11.771,-5.7389,2
-12.933,10.36,2
11.32,5.2956,2
-14.091,-4.932,2
-2.8899,-13.507,2
12.11,-5.6633,2
-3.8239,-13.565,2
12.182,2.8715,2
1.0399,-14.041,2
-9.1558,-1.2255,2
-5.815,8.81,2
5.1538,-4.4465,2
-11.981,-8.63,2
-8.9422,3.2293,2
3.2485,11.116,2
7.6841,-11.273,2
-15.251,-1.6975,2
-7.5255,15.089,2
